Date,Age,First Doses,No Dose
2021-04-07,10,150,68147
2021-04-07,11,149,67487
2021-04-07,12,149,67709
2021-04-07,13,148,67190
2021-04-07,14,141,64048
2021-04-07,15,138,62365
2021-04-07,16,138,62518
2021-04-07,17,138,62772
2021-04-07,18,138,62581
2021-04-07,19,142,64426
2021-04-07,20,1401,65330
2021-04-07,21,1375,64102
2021-04-07,22,1381,64396
2021-04-07,23,1423,66352
2021-04-07,24,1452,67684
2021-04-07,25,1496,69755
2021-04-07,26,1520,70851
2021-04-07,27,1570,73194
2021-04-07,28,1645,76699
2021-04-07,29,1667,77729
2021-04-07,30,1654,78617
2021-04-07,31,1601,76107
2021-04-07,32,1573,74798
2021-04-07,33,1534,72930
2021-04-07,34,1463,69570
2021-04-07,35,1430,67966
2021-04-07,36,1415,67267
2021-04-07,37,1392,66186
2021-04-07,38,1387,65964
2021-04-07,39,1333,63382
2021-04-07,40,1301,63125
2021-04-07,41,1276,61895
2021-04-07,42,1243,60278
2021-04-07,43,1226,59486
2021-04-07,44,1231,59694
2021-04-07,45,1243,60289
2021-04-07,46,1289,62545
2021-04-07,47,1316,63820
2021-04-07,48,1379,66887
2021-04-07,49,1390,67437
2021-04-07,50,1534,66354
2021-04-07,51,1510,65295
2021-04-07,52,1501,64933
2021-04-07,53,1452,62784
2021-04-07,54,1427,61733
2021-04-07,55,1435,62076
2021-04-07,56,1468,63471
2021-04-07,57,1495,64674
2021-04-07,58,1500,64863
2021-04-07,59,1461,63164
2021-04-07,60,1087,61736
2021-04-07,61,1043,59253
2021-04-07,62,1017,57755
2021-04-07,63,989,56178
2021-04-07,64,958,54429
2021-04-07,65,928,52696
2021-04-07,66,901,51203
2021-04-07,67,857,48706
2021-04-07,68,844,47918
2021-04-07,69,806,45764
2021-04-07,70,295,45808
2021-04-07,71,285,44286
2021-04-07,72,280,43468
2021-04-07,73,277,43081
2021-04-07,74,251,39014
2021-04-07,75,220,34135
2021-04-07,76,201,31212
2021-04-07,77,179,27768
2021-04-07,78,177,27497
2021-04-07,79,176,27321
2021-04-07,80,66,25426
2021-04-07,81,58,22148
2021-04-07,82,51,19747
2021-04-07,83,46,17756
2021-04-07,84,41,15730
2021-04-07,85,35,13600
2021-04-07,86,34,12857
2021-04-07,87,29,11001
2021-04-07,88,25,9691
2021-04-07,89,23,8670
2021-04-07,90,85,32654
2021-04-15,10,212,68085
2021-04-15,11,210,67426
2021-04-15,12,210,67648
2021-04-15,13,209,67129
2021-04-15,14,199,63990
2021-04-15,15,194,62309
2021-04-15,16,194,62462
2021-04-15,17,195,62715
2021-04-15,18,194,62525
2021-04-15,19,200,64368
2021-04-15,20,1955,64776
2021-04-15,21,1918,63559
2021-04-15,22,1927,63850
2021-04-15,23,1986,65789
2021-04-15,24,2026,67110
2021-04-15,25,2088,69163
2021-04-15,26,2120,70251
2021-04-15,27,2191,72573
2021-04-15,28,2295,76049
2021-04-15,29,2326,77070
2021-04-15,30,2384,77887
2021-04-15,31,2308,75400
2021-04-15,32,2268,74103
2021-04-15,33,2212,72252
2021-04-15,34,2110,68923
2021-04-15,35,2061,67335
2021-04-15,36,2040,66642
2021-04-15,37,2007,65571
2021-04-15,38,2000,65351
2021-04-15,39,1922,62793
2021-04-15,40,1907,62519
2021-04-15,41,1870,61301
2021-04-15,42,1821,59700
2021-04-15,43,1797,58915
2021-04-15,44,1803,59122
2021-04-15,45,1821,59711
2021-04-15,46,1889,61945
2021-04-15,47,1928,63208
2021-04-15,48,2021,66245
2021-04-15,49,2037,66790
2021-04-15,50,2295,65593
2021-04-15,51,2258,64547
2021-04-15,52,2245,64189
2021-04-15,53,2171,62065
2021-04-15,54,2135,61025
2021-04-15,55,2147,61364
2021-04-15,56,2195,62744
2021-04-15,57,2237,63932
2021-04-15,58,2243,64120
2021-04-15,59,2184,62441
2021-04-15,60,1721,61102
2021-04-15,61,1652,58644
2021-04-15,62,1610,57162
2021-04-15,63,1566,55601
2021-04-15,64,1518,53869
2021-04-15,65,1469,52155
2021-04-15,66,1428,50676
2021-04-15,67,1358,48205
2021-04-15,68,1336,47426
2021-04-15,69,1276,45294
2021-04-15,70,535,45568
2021-04-15,71,517,44054
2021-04-15,72,507,43241
2021-04-15,73,503,42855
2021-04-15,74,455,38810
2021-04-15,75,399,33956
2021-04-15,76,364,31049
2021-04-15,77,324,27623
2021-04-15,78,321,27353
2021-04-15,79,319,27178
2021-04-15,80,145,25347
2021-04-15,81,127,22079
2021-04-15,82,113,19685
2021-04-15,83,101,17701
2021-04-15,84,90,15681
2021-04-15,85,78,13557
2021-04-15,86,73,12818
2021-04-15,87,63,10967
2021-04-15,88,55,9661
2021-04-15,89,50,8643
2021-04-15,90,187,32552
2021-04-21,10,280,68017
2021-04-21,11,277,67359
2021-04-21,12,278,67580
2021-04-21,13,276,67062
2021-04-21,14,263,63926
2021-04-21,15,256,62247
2021-04-21,16,257,62399
2021-04-21,17,258,62652
2021-04-21,18,257,62462
2021-04-21,19,265,64303
2021-04-21,20,2509,64222
2021-04-21,21,2462,63015
2021-04-21,22,2473,63304
2021-04-21,23,2548,65227
2021-04-21,24,2600,66536
2021-04-21,25,2679,68572
2021-04-21,26,2721,69650
2021-04-21,27,2811,71953
2021-04-21,28,2946,75398
2021-04-21,29,2985,76411
2021-04-21,30,3090,77181
2021-04-21,31,2992,74716
2021-04-21,32,2940,73431
2021-04-21,33,2867,71597
2021-04-21,34,2735,68298
2021-04-21,35,2672,66724
2021-04-21,36,2644,66038
2021-04-21,37,2602,64976
2021-04-21,38,2593,64758
2021-04-21,39,2492,62223
2021-04-21,40,2500,61926
2021-04-21,41,2451,60720
2021-04-21,42,2387,59134
2021-04-21,43,2356,58356
2021-04-21,44,2364,58561
2021-04-21,45,2387,59145
2021-04-21,46,2477,61357
2021-04-21,47,2527,62609
2021-04-21,48,2649,65617
2021-04-21,49,2670,66157
2021-04-21,50,3075,64813
2021-04-21,51,3026,63779
2021-04-21,52,3009,63425
2021-04-21,53,2910,61326
2021-04-21,54,2861,60299
2021-04-21,55,2877,60634
2021-04-21,56,2942,61997
2021-04-21,57,2997,63172
2021-04-21,58,3006,63357
2021-04-21,59,2928,61697
2021-04-21,60,2400,60423
2021-04-21,61,2303,57993
2021-04-21,62,2245,56527
2021-04-21,63,2184,54983
2021-04-21,64,2116,53271
2021-04-21,65,2048,51576
2021-04-21,66,1990,50114
2021-04-21,67,1893,47670
2021-04-21,68,1863,46899
2021-04-21,69,1779,44791
2021-04-21,70,788,45315
2021-04-21,71,762,43809
2021-04-21,72,748,43000
2021-04-21,73,741,42617
2021-04-21,74,671,38594
2021-04-21,75,587,33768
2021-04-21,76,537,30876
2021-04-21,77,478,27469
2021-04-21,78,473,27201
2021-04-21,79,470,27027
2021-04-21,80,265,25227
2021-04-21,81,231,21975
2021-04-21,82,206,19592
2021-04-21,83,185,17617
2021-04-21,84,164,15607
2021-04-21,85,142,13493
2021-04-21,86,134,12757
2021-04-21,87,115,10915
2021-04-21,88,101,9615
2021-04-21,89,90,8603
2021-04-21,90,416,32323
2021-04-28,10,348,67949
2021-04-28,11,345,67291
2021-04-28,12,346,67512
2021-04-28,13,343,66995
2021-04-28,14,327,63862
2021-04-28,15,319,62184
2021-04-28,16,320,62336
2021-04-28,17,321,62589
2021-04-28,18,320,62399
2021-04-28,19,329,64239
2021-04-28,20,2963,63768
2021-04-28,21,2907,62570
2021-04-28,22,2920,62857
2021-04-28,23,3009,64766
2021-04-28,24,3070,66066
2021-04-28,25,3164,68087
2021-04-28,26,3213,69158
2021-04-28,27,3320,71444
2021-04-28,28,3478,74866
2021-04-28,29,3525,75871
2021-04-28,30,3692,76579
2021-04-28,31,3575,74133
2021-04-28,32,3513,72858
2021-04-28,33,3425,71039
2021-04-28,34,3268,67765
2021-04-28,35,3192,66204
2021-04-28,36,3159,65523
2021-04-28,37,3109,64469
2021-04-28,38,3098,64253
2021-04-28,39,2977,61738
2021-04-28,40,3009,61417
2021-04-28,41,2950,60221
2021-04-28,42,2873,58648
2021-04-28,43,2835,57877
2021-04-28,44,2845,58080
2021-04-28,45,2874,58658
2021-04-28,46,2981,60853
2021-04-28,47,3042,62094
2021-04-28,48,3188,65078
2021-04-28,49,3214,65613
2021-04-28,50,3795,64093
2021-04-28,51,3734,63071
2021-04-28,52,3714,62720
2021-04-28,53,3591,60645
2021-04-28,54,3531,59629
2021-04-28,55,3550,59961
2021-04-28,56,3630,61309
2021-04-28,57,3699,62470
2021-04-28,58,3710,62653
2021-04-28,59,3613,61012
2021-04-28,60,3041,59782
2021-04-28,61,2918,57378
2021-04-28,62,2845,55927
2021-04-28,63,2767,54400
2021-04-28,64,2681,52706
2021-04-28,65,2595,51029
2021-04-28,66,2522,49582
2021-04-28,67,2399,47164
2021-04-28,68,2360,46402
2021-04-28,69,2254,44316
2021-04-28,70,1042,45061
2021-04-28,71,1007,43564
2021-04-28,72,989,42759
2021-04-28,73,980,42378
2021-04-28,74,887,38378
2021-04-28,75,776,33579
2021-04-28,76,710,30703
2021-04-28,77,632,27315
2021-04-28,78,625,27049
2021-04-28,79,621,26876
2021-04-28,80,441,25051
2021-04-28,81,384,21822
2021-04-28,82,343,19455
2021-04-28,83,308,17494
2021-04-28,84,273,15498
2021-04-28,85,236,13399
2021-04-28,86,223,12668
2021-04-28,87,191,10839
2021-04-28,88,168,9548
2021-04-28,89,150,8543
2021-04-28,90,891,31848
2021-05-05,10,417,67880
2021-05-05,11,413,67223
2021-05-05,12,414,67444
2021-05-05,13,411,66927
2021-05-05,14,392,63797
2021-05-05,15,381,62122
2021-05-05,16,382,62274
2021-05-05,17,384,62526
2021-05-05,18,383,62336
2021-05-05,19,394,64174
2021-05-05,20,3510,63221
2021-05-05,21,3444,62033
2021-05-05,22,3460,62317
2021-05-05,23,3565,64210
2021-05-05,24,3637,65499
2021-05-05,25,3748,67503
2021-05-05,26,3807,68564
2021-05-05,27,3933,70831
2021-05-05,28,4121,74223
2021-05-05,29,4176,75220
2021-05-05,30,4455,75816
2021-05-05,31,4313,73395
2021-05-05,32,4239,72132
2021-05-05,33,4133,70331
2021-05-05,34,3942,67091
2021-05-05,35,3851,65545
2021-05-05,36,3812,64870
2021-05-05,37,3751,63827
2021-05-05,38,3738,63613
2021-05-05,39,3592,61123
2021-05-05,40,3666,60760
2021-05-05,41,3594,59577
2021-05-05,42,3501,58020
2021-05-05,43,3455,57257
2021-05-05,44,3467,57458
2021-05-05,45,3501,58031
2021-05-05,46,3632,60202
2021-05-05,47,3706,61430
2021-05-05,48,3884,64382
2021-05-05,49,3916,64911
2021-05-05,50,4766,63122
2021-05-05,51,4690,62115
2021-05-05,52,4664,61770
2021-05-05,53,4509,59727
2021-05-05,54,4434,58726
2021-05-05,55,4458,59053
2021-05-05,56,4559,60380
2021-05-05,57,4645,61524
2021-05-05,58,4659,61704
2021-05-05,59,4537,60088
2021-05-05,60,3989,58834
2021-05-05,61,3829,56467
2021-05-05,62,3732,55040
2021-05-05,63,3630,53537
2021-05-05,64,3517,51870
2021-05-05,65,3405,50219
2021-05-05,66,3309,48795
2021-05-05,67,3147,46416
2021-05-05,68,3096,45666
2021-05-05,69,2957,43613
2021-05-05,70,1572,44531
2021-05-05,71,1520,43051
2021-05-05,72,1492,42256
2021-05-05,73,1479,41879
2021-05-05,74,1339,37926
2021-05-05,75,1172,33183
2021-05-05,76,1071,30342
2021-05-05,77,953,26994
2021-05-05,78,944,26730
2021-05-05,79,938,26559
2021-05-05,80,828,24664
2021-05-05,81,722,21484
2021-05-05,82,643,19155
2021-05-05,83,579,17223
2021-05-05,84,513,15258
2021-05-05,85,443,13192
2021-05-05,86,419,12472
2021-05-05,87,358,10672
2021-05-05,88,316,9400
2021-05-05,89,283,8410
2021-05-05,90,1951,30788
2021-05-12,10,499,67798
2021-05-12,11,494,67142
2021-05-12,12,495,67363
2021-05-12,13,492,66846
2021-05-12,14,469,63720
2021-05-12,15,456,62047
2021-05-12,16,457,62199
2021-05-12,17,459,62451
2021-05-12,18,458,62261
2021-05-12,19,471,64097
2021-05-12,20,4004,62727
2021-05-12,21,3929,61548
2021-05-12,22,3947,61830
2021-05-12,23,4067,63708
2021-05-12,24,4148,64988
2021-05-12,25,4275,66976
2021-05-12,26,4342,68029
2021-05-12,27,4486,70278
2021-05-12,28,4701,73643
2021-05-12,29,4764,74632
2021-05-12,30,5137,75134
2021-05-12,31,4973,72735
2021-05-12,32,4888,71483
2021-05-12,33,4766,69698
2021-05-12,34,4546,66487
2021-05-12,35,4441,64955
2021-05-12,36,4396,64286
2021-05-12,37,4325,63253
2021-05-12,38,4310,63041
2021-05-12,39,4142,60573
2021-05-12,40,4265,60161
2021-05-12,41,4182,58989
2021-05-12,42,4073,57448
2021-05-12,43,4019,56693
2021-05-12,44,4033,56892
2021-05-12,45,4073,57459
2021-05-12,46,4226,59608
2021-05-12,47,4312,60824
2021-05-12,48,4519,63747
2021-05-12,49,4556,64271
2021-05-12,50,5614,62274
2021-05-12,51,5525,61280
2021-05-12,52,5494,60940
2021-05-12,53,5312,58924
2021-05-12,54,5223,57937
2021-05-12,55,5252,58259
2021-05-12,56,5370,59569
2021-05-12,57,5472,60697
2021-05-12,58,5488,60875
2021-05-12,59,5344,59281
2021-05-12,60,5177,57646
2021-05-12,61,4968,55328
2021-05-12,62,4843,53929
2021-05-12,63,4711,52456
2021-05-12,64,4564,50823
2021-05-12,65,4419,49205
2021-05-12,66,4293,47811
2021-05-12,67,4084,45479
2021-05-12,68,4018,44744
2021-05-12,69,3837,42733
2021-05-12,70,2715,43388
2021-05-12,71,2625,41946
2021-05-12,72,2577,41171
2021-05-12,73,2554,40804
2021-05-12,74,2313,36952
2021-05-12,75,2024,32331
2021-05-12,76,1850,29563
2021-05-12,77,1646,26301
2021-05-12,78,1630,26044
2021-05-12,79,1620,25877
2021-05-12,80,1519,23973
2021-05-12,81,1323,20883
2021-05-12,82,1180,18618
2021-05-12,83,1061,16741
2021-05-12,84,940,14831
2021-05-12,85,813,12822
2021-05-12,86,768,12123
2021-05-12,87,657,10373
2021-05-12,88,579,9137
2021-05-12,89,518,8175
2021-05-12,90,3271,29468
2021-05-19,10,567,67730
2021-05-19,11,561,67075
2021-05-19,12,563,67295
2021-05-19,13,559,66779
2021-05-19,14,533,63656
2021-05-19,15,519,61984
2021-05-19,16,520,62136
2021-05-19,17,522,62388
2021-05-19,18,521,62198
2021-05-19,19,536,64032
2021-05-19,20,4438,62293
2021-05-19,21,4354,61123
2021-05-19,22,4374,61403
2021-05-19,23,4507,63268
2021-05-19,24,4598,64538
2021-05-19,25,4738,66513
2021-05-19,26,4813,67558
2021-05-19,27,4972,69792
2021-05-19,28,5210,73134
2021-05-19,29,5280,74116
2021-05-19,30,5747,74524
2021-05-19,31,5564,72144
2021-05-19,32,5468,70903
2021-05-19,33,5332,69132
2021-05-19,34,5086,65947
2021-05-19,35,4969,64427
2021-05-19,36,4918,63764
2021-05-19,37,4839,62739
2021-05-19,38,4822,62529
2021-05-19,39,4634,60081
2021-05-19,40,4806,59620
2021-05-19,41,4713,58458
2021-05-19,42,4589,56932
2021-05-19,43,4529,56183
2021-05-19,44,4545,56380
2021-05-19,45,4590,56942
2021-05-19,46,4762,59072
2021-05-19,47,4859,60277
2021-05-19,48,5093,63173
2021-05-19,49,5134,63693
2021-05-19,50,6402,61486
2021-05-19,51,6300,60505
2021-05-19,52,6265,60169
2021-05-19,53,6057,58179
2021-05-19,54,5956,57204
2021-05-19,55,5989,57522
2021-05-19,56,6124,58815
2021-05-19,57,6240,59929
2021-05-19,58,6258,60105
2021-05-19,59,6094,58531
2021-05-19,60,6414,56409
2021-05-19,61,6156,54140
2021-05-19,62,6001,52771
2021-05-19,63,5837,51330
2021-05-19,64,5655,49732
2021-05-19,65,5475,48149
2021-05-19,66,5320,46784
2021-05-19,67,5060,44503
2021-05-19,68,4979,43783
2021-05-19,69,4755,41815
2021-05-19,70,4131,41972
2021-05-19,71,3994,40577
2021-05-19,72,3920,39828
2021-05-19,73,3885,39473
2021-05-19,74,3518,35747
2021-05-19,75,3078,31277
2021-05-19,76,2815,28598
2021-05-19,77,2504,25443
2021-05-19,78,2480,25194
2021-05-19,79,2464,25033
2021-05-19,80,2394,23098
2021-05-19,81,2085,20121
2021-05-19,82,1859,17939
2021-05-19,83,1672,16130
2021-05-19,84,1481,14290
2021-05-19,85,1280,12355
2021-05-19,86,1210,11681
2021-05-19,87,1036,9994
2021-05-19,88,912,8804
2021-05-19,89,816,7877
2021-05-19,90,4894,27845
2021-05-26,10,635,67662
2021-05-26,11,629,67007
2021-05-26,12,631,67227
2021-05-26,13,626,66712
2021-05-26,14,597,63592
2021-05-26,15,581,61922
2021-05-26,16,583,62073
2021-05-26,17,585,62325
2021-05-26,18,583,62136
2021-05-26,19,600,63968
2021-05-26,20,4778,61953
2021-05-26,21,4688,60789
2021-05-26,22,4710,61067
2021-05-26,23,4853,62922
2021-05-26,24,4950,64186
2021-05-26,25,5102,66149
2021-05-26,26,5182,67189
2021-05-26,27,5353,69411
2021-05-26,28,5609,72735
2021-05-26,29,5685,73711
2021-05-26,30,6221,74050
2021-05-26,31,6022,71686
2021-05-26,32,5919,70452
2021-05-26,33,5771,68693
2021-05-26,34,5505,65528
2021-05-26,35,5378,64018
2021-05-26,36,5323,63359
2021-05-26,37,5237,62341
2021-05-26,38,5220,62131
2021-05-26,39,5015,59700
2021-05-26,40,5212,59214
2021-05-26,41,5111,58060
2021-05-26,42,4977,56544
2021-05-26,43,4912,55800
2021-05-26,44,4929,55996
2021-05-26,45,4978,56554
2021-05-26,46,5164,58670
2021-05-26,47,5270,59866
2021-05-26,48,5523,62743
2021-05-26,49,5568,63259
2021-05-26,50,7006,60882
2021-05-26,51,6894,59911
2021-05-26,52,6856,59578
2021-05-26,53,6629,57607
2021-05-26,54,6518,56642
2021-05-26,55,6554,56957
2021-05-26,56,6702,58237
2021-05-26,57,6829,59340
2021-05-26,58,6849,59514
2021-05-26,59,6669,57956
2021-05-26,60,7558,55265
2021-05-26,61,7254,53042
2021-05-26,62,7070,51702
2021-05-26,63,6877,50290
2021-05-26,64,6663,48724
2021-05-26,65,6451,47173
2021-05-26,66,6268,45836
2021-05-26,67,5962,43601
2021-05-26,68,5866,42896
2021-05-26,69,5602,40968
2021-05-26,70,5703,40400
2021-05-26,71,5513,39058
2021-05-26,72,5412,38336
2021-05-26,73,5363,37995
2021-05-26,74,4857,34408
2021-05-26,75,4250,30105
2021-05-26,76,3886,27527
2021-05-26,77,3457,24490
2021-05-26,78,3423,24251
2021-05-26,79,3401,24096
2021-05-26,80,3515,21977
2021-05-26,81,3062,19144
2021-05-26,82,2730,17068
2021-05-26,83,2455,15347
2021-05-26,84,2175,13596
2021-05-26,85,1880,11755
2021-05-26,86,1778,11113
2021-05-26,87,1521,9509
2021-05-26,88,1340,8376
2021-05-26,89,1199,7494
2021-05-26,90,6803,25936
2021-06-02,10,710,67587
2021-06-02,11,703,66933
2021-06-02,12,706,67152
2021-06-02,13,700,66638
2021-06-02,14,668,63521
2021-06-02,15,650,61853
2021-06-02,16,652,62004
2021-06-02,17,654,62256
2021-06-02,18,652,62067
2021-06-02,19,672,63896
2021-06-02,20,5098,61633
2021-06-02,21,5002,60475
2021-06-02,22,5025,60752
2021-06-02,23,5178,62597
2021-06-02,24,5282,63854
2021-06-02,25,5444,65807
2021-06-02,26,5529,66842
2021-06-02,27,5712,69052
2021-06-02,28,5985,72359
2021-06-02,29,6066,73330
2021-06-02,30,6679,73592
2021-06-02,31,6465,71243
2021-06-02,32,6354,70017
2021-06-02,33,6195,68269
2021-06-02,34,5910,65123
2021-06-02,35,5774,63622
2021-06-02,36,5714,62968
2021-06-02,37,5622,61956
2021-06-02,38,5604,61747
2021-06-02,39,5384,59331
2021-06-02,40,5644,58782
2021-06-02,41,5534,57637
2021-06-02,42,5389,56132
2021-06-02,43,5318,55394
2021-06-02,44,5337,55588
2021-06-02,45,5390,56142
2021-06-02,46,5592,58242
2021-06-02,47,5706,59430
2021-06-02,48,5980,62286
2021-06-02,49,6029,62798
2021-06-02,50,7685,60203
2021-06-02,51,7562,59243
2021-06-02,52,7520,58914
2021-06-02,53,7272,56964
2021-06-02,54,7150,56010
2021-06-02,55,7189,56322
2021-06-02,56,7351,57588
2021-06-02,57,7490,58679
2021-06-02,58,7512,58851
2021-06-02,59,7316,57309
2021-06-02,60,9103,53720
2021-06-02,61,8737,51559
2021-06-02,62,8516,50256
2021-06-02,63,8283,48884
2021-06-02,64,8026,47361
2021-06-02,65,7770,45854
2021-06-02,66,7550,44554
2021-06-02,67,7182,42381
2021-06-02,68,7066,41696
2021-06-02,69,6748,39822
2021-06-02,70,8027,38076
2021-06-02,71,7760,36811
2021-06-02,72,7617,36131
2021-06-02,73,7549,35809
2021-06-02,74,6836,32429
2021-06-02,75,5981,28374
2021-06-02,76,5469,25944
2021-06-02,77,4866,23081
2021-06-02,78,4818,22856
2021-06-02,79,4787,22710
2021-06-02,80,4889,20603
2021-06-02,81,4259,17947
2021-06-02,82,3797,16001
2021-06-02,83,3414,14388
2021-06-02,84,3025,12746
2021-06-02,85,2615,11020
2021-06-02,86,2472,10419
2021-06-02,87,2116,8914
2021-06-02,88,1864,7852
2021-06-02,89,1667,7026
2021-06-02,90,8980,23759
2021-06-09,10,779,67518
2021-06-09,11,771,66865
2021-06-09,12,774,67084
2021-06-09,13,768,66570
2021-06-09,14,732,63457
2021-06-09,15,713,61790
2021-06-09,16,714,61942
2021-06-09,17,717,62193
2021-06-09,18,715,62004
2021-06-09,19,736,63832
2021-06-09,20,5379,61352
2021-06-09,21,5277,60200
2021-06-09,22,5302,60475
2021-06-09,23,5463,62312
2021-06-09,24,5572,63564
2021-06-09,25,5743,65508
2021-06-09,26,5833,66538
2021-06-09,27,6026,68738
2021-06-09,28,6315,72029
2021-06-09,29,6399,72997
2021-06-09,30,7104,73167
2021-06-09,31,6877,70831
2021-06-09,32,6759,69612
2021-06-09,33,6590,67874
2021-06-09,34,6286,64747
2021-06-09,35,6142,63254
2021-06-09,36,6078,62604
2021-06-09,37,5981,61597
2021-06-09,38,5961,61390
2021-06-09,39,5727,58988
2021-06-09,40,6043,58383
2021-06-09,41,5925,57246
2021-06-09,42,5771,55750
2021-06-09,43,5695,55017
2021-06-09,44,5715,55210
2021-06-09,45,5772,55760
2021-06-09,46,5988,57846
2021-06-09,47,6110,59026
2021-06-09,48,6403,61863
2021-06-09,49,6456,62371
2021-06-09,50,8357,59531
2021-06-09,51,8224,58581
2021-06-09,52,8178,58256
2021-06-09,53,7907,56329
2021-06-09,54,7775,55385
2021-06-09,55,7818,55693
2021-06-09,56,7994,56945
2021-06-09,57,8145,58024
2021-06-09,58,8169,58194
2021-06-09,59,7955,56670
2021-06-09,60,10894,51929
2021-06-09,61,10455,49841
2021-06-09,62,10191,48581
2021-06-09,63,9913,47254
2021-06-09,64,9604,45783
2021-06-09,65,9298,44326
2021-06-09,66,9035,43069
2021-06-09,67,8594,40969
2021-06-09,68,8455,40307
2021-06-09,69,8075,38495
2021-06-09,70,10673,35430
2021-06-09,71,10318,34253
2021-06-09,72,10128,33620
2021-06-09,73,10037,33321
2021-06-09,74,9090,30175
2021-06-09,75,7953,26402
2021-06-09,76,7272,24141
2021-06-09,77,6470,21477
2021-06-09,78,6407,21267
2021-06-09,79,6366,21131
2021-06-09,80,6411,19081
2021-06-09,81,5585,16621
2021-06-09,82,4979,14819
2021-06-09,83,4477,13325
2021-06-09,84,3966,11805
2021-06-09,85,3429,10206
2021-06-09,86,3242,9649
2021-06-09,87,2774,8256
2021-06-09,88,2444,7272
2021-06-09,89,2186,6507
2021-06-09,90,11367,21372
2021-06-16,10,847,67450
2021-06-16,11,839,66797
2021-06-16,12,841,67017
2021-06-16,13,835,66503
2021-06-16,14,796,63393
2021-06-16,15,775,61728
2021-06-16,16,777,61879
2021-06-16,17,780,62130
2021-06-16,18,778,61941
2021-06-16,19,801,63767
2021-06-16,20,5679,61052
2021-06-16,21,5572,59905
2021-06-16,22,5598,60179
2021-06-16,23,5768,62007
2021-06-16,24,5883,63253
2021-06-16,25,6063,65188
2021-06-16,26,6159,66212
2021-06-16,27,6362,68402
2021-06-16,28,6667,71677
2021-06-16,29,6757,72639
2021-06-16,30,7570,72701
2021-06-16,31,7328,70380
2021-06-16,32,7202,69169
2021-06-16,33,7022,67442
2021-06-16,34,6698,64335
2021-06-16,35,6544,62852
2021-06-16,36,6477,62205
2021-06-16,37,6373,61205
2021-06-16,38,6351,61000
2021-06-16,39,6103,58612
2021-06-16,40,6494,57932
2021-06-16,41,6368,56803
2021-06-16,42,6201,55320
2021-06-16,43,6120,54592
2021-06-16,44,6141,54784
2021-06-16,45,6202,55330
2021-06-16,46,6434,57400
2021-06-16,47,6566,58570
2021-06-16,48,6881,61385
2021-06-16,49,6938,61889
2021-06-16,50,9185,58703
2021-06-16,51,9039,57766
2021-06-16,52,8989,57445
2021-06-16,53,8691,55545
2021-06-16,54,8546,54614
2021-06-16,55,8593,54918
2021-06-16,56,8786,56153
2021-06-16,57,8953,57216
2021-06-16,58,8979,57384
2021-06-16,59,8744,55881
2021-06-16,60,12766,50057
2021-06-16,61,12252,48044
2021-06-16,62,11942,46830
2021-06-16,63,11616,45551
2021-06-16,64,11255,44132
2021-06-16,65,10896,42728
2021-06-16,66,10588,41516
2021-06-16,67,10071,39492
2021-06-16,68,9908,38854
2021-06-16,69,9463,37107
2021-06-16,70,13195,32908
2021-06-16,71,12756,31815
2021-06-16,72,12521,31227
2021-06-16,73,12409,30949
2021-06-16,74,11238,28027
2021-06-16,75,9832,24523
2021-06-16,76,8990,22423
2021-06-16,77,7998,19949
2021-06-16,78,7920,19754
2021-06-16,79,7870,19627
2021-06-16,80,7943,17549
2021-06-16,81,6919,15287
2021-06-16,82,6169,13629
2021-06-16,83,5547,12255
2021-06-16,84,4914,10857
2021-06-16,85,4249,9386
2021-06-16,86,4017,8874
2021-06-16,87,3437,7593
2021-06-16,88,3028,6688
2021-06-16,89,2709,5984
2021-06-16,90,13619,19120
2021-06-23,10,936,67361
2021-06-23,11,927,66709
2021-06-23,12,930,66928
2021-06-23,13,923,66415
2021-06-23,14,879,63310
2021-06-23,15,856,61647
2021-06-23,16,858,61798
2021-06-23,17,862,62048
2021-06-23,18,859,61860
2021-06-23,19,885,63683
2021-06-23,20,6012,60719
2021-06-23,21,5899,59578
2021-06-23,22,5927,59850
2021-06-23,23,6107,61668
2021-06-23,24,6229,62907
2021-06-23,25,6420,64831
2021-06-23,26,6521,65850
2021-06-23,27,6736,68028
2021-06-23,28,7059,71285
2021-06-23,29,7154,72242
2021-06-23,30,8083,72188
2021-06-23,31,7825,69883
2021-06-23,32,7691,68680
2021-06-23,33,7499,66965
2021-06-23,34,7153,63880
2021-06-23,35,6988,62408
2021-06-23,36,6916,61766
2021-06-23,37,6805,60773
2021-06-23,38,6782,60569
2021-06-23,39,6517,58198
2021-06-23,40,6997,57429
2021-06-23,41,6860,56311
2021-06-23,42,6681,54840
2021-06-23,43,6593,54119
2021-06-23,44,6616,54309
2021-06-23,45,6682,54850
2021-06-23,46,6932,56902
2021-06-23,47,7074,58062
2021-06-23,48,7414,60852
2021-06-23,49,7475,61352
2021-06-23,50,10075,57813
2021-06-23,51,9914,56891
2021-06-23,52,9859,56575
2021-06-23,53,9533,54703
2021-06-23,54,9373,53787
2021-06-23,55,9425,54086
2021-06-23,56,9637,55302
2021-06-23,57,9819,56350
2021-06-23,58,9848,56515
2021-06-23,59,9590,55035
2021-06-23,60,14789,48034
2021-06-23,61,14194,46102
2021-06-23,62,13835,44937
2021-06-23,63,13457,43710
2021-06-23,64,13038,42349
2021-06-23,65,12623,41001
2021-06-23,66,12265,39839
2021-06-23,67,11667,37896
2021-06-23,68,11479,37283
2021-06-23,69,10963,35607
2021-06-23,70,15740,30363
2021-06-23,71,15217,29354
2021-06-23,72,14936,28812
2021-06-23,73,14802,28556
2021-06-23,74,13405,25860
2021-06-23,75,11729,22626
2021-06-23,76,10724,20689
2021-06-23,77,9541,18406
2021-06-23,78,9448,18226
2021-06-23,79,9387,18110
2021-06-23,80,9356,16136
2021-06-23,81,8150,14056
2021-06-23,82,7266,12532
2021-06-23,83,6533,11269
2021-06-23,84,5788,9983
2021-06-23,85,5004,8631
2021-06-23,86,4731,8160
2021-06-23,87,4048,6982
2021-06-23,88,3566,6150
2021-06-23,89,3190,5503
2021-06-23,90,15355,17384
2021-06-30,10,1031,67266
2021-06-30,11,1021,66615
2021-06-30,12,1025,66833
2021-06-30,13,1017,66321
2021-06-30,14,969,63220
2021-06-30,15,944,61559
2021-06-30,16,946,61710
2021-06-30,17,950,61960
2021-06-30,18,947,61772
2021-06-30,19,975,63593
2021-06-30,20,6346,60385
2021-06-30,21,6227,59250
2021-06-30,22,6255,59522
2021-06-30,23,6445,61330
2021-06-30,24,6575,62561
2021-06-30,25,6776,64475
2021-06-30,26,6882,65489
2021-06-30,27,7110,67654
2021-06-30,28,7451,70893
2021-06-30,29,7551,71845
2021-06-30,30,8605,71666
2021-06-30,31,8330,69378
2021-06-30,32,8187,68184
2021-06-30,33,7983,66481
2021-06-30,34,7615,63418
2021-06-30,35,7439,61957
2021-06-30,36,7363,61319
2021-06-30,37,7244,60334
2021-06-30,38,7220,60131
2021-06-30,39,6937,57778
2021-06-30,40,7499,56927
2021-06-30,41,7353,55818
2021-06-30,42,7161,54360
2021-06-30,43,7067,53645
2021-06-30,44,7092,53833
2021-06-30,45,7162,54370
2021-06-30,46,7430,56404
2021-06-30,47,7582,57554
2021-06-30,48,7946,60320
2021-06-30,49,8011,60816
2021-06-30,50,10998,56890
2021-06-30,51,10822,55983
2021-06-30,52,10762,55672
2021-06-30,53,10406,53830
2021-06-30,54,10232,52928
2021-06-30,55,10289,53222
2021-06-30,56,10520,54419
2021-06-30,57,10719,55450
2021-06-30,58,10751,55612
2021-06-30,59,10469,54156
2021-06-30,60,16742,46081
2021-06-30,61,16069,44227
2021-06-30,62,15663,43109
2021-06-30,63,15235,41932
2021-06-30,64,14761,40626
2021-06-30,65,14291,39333
2021-06-30,66,13886,38218
2021-06-30,67,13209,36354
2021-06-30,68,12995,35767
2021-06-30,69,12411,34159
2021-06-30,70,17971,28132
2021-06-30,71,17374,27197
2021-06-30,72,17053,26695
2021-06-30,73,16901,26457
2021-06-30,74,15305,23960
2021-06-30,75,13392,20963
2021-06-30,76,12245,19168
2021-06-30,77,10894,17053
2021-06-30,78,10787,16887
2021-06-30,79,10718,16779
2021-06-30,80,10681,14811
2021-06-30,81,9304,12902
2021-06-30,82,8295,11503
2021-06-30,83,7459,10343
2021-06-30,84,6608,9163
2021-06-30,85,5713,7922
2021-06-30,86,5401,7490
2021-06-30,87,4622,6408
2021-06-30,88,4071,5645
2021-06-30,89,3642,5051
2021-06-30,90,16733,16006
2021-07-07,10,1120,67177
2021-07-07,11,1109,66527
2021-07-07,12,1113,66745
2021-07-07,13,1104,66234
2021-07-07,14,1053,63136
2021-07-07,15,1025,61478
2021-07-07,16,1028,61628
2021-07-07,17,1032,61878
2021-07-07,18,1029,61690
2021-07-07,19,1059,63509
2021-07-07,20,6646,60085
2021-07-07,21,6522,58955
2021-07-07,22,6551,59226
2021-07-07,23,6750,61025
2021-07-07,24,6886,62250
2021-07-07,25,7097,64154
2021-07-07,26,7208,65163
2021-07-07,27,7446,67318
2021-07-07,28,7803,70541
2021-07-07,29,7908,71488
2021-07-07,30,9055,71216
2021-07-07,31,8765,68943
2021-07-07,32,8615,67756
2021-07-07,33,8400,66064
2021-07-07,34,8013,63020
2021-07-07,35,7828,61568
2021-07-07,36,7747,60935
2021-07-07,37,7623,59955
2021-07-07,38,7597,59754
2021-07-07,39,7300,57415
2021-07-07,40,7989,56437
2021-07-07,41,7833,55338
2021-07-07,42,7629,53892
2021-07-07,43,7528,53184
2021-07-07,44,7555,53370
2021-07-07,45,7630,53902
2021-07-07,46,7915,55919
2021-07-07,47,8077,57059
2021-07-07,48,8465,59801
2021-07-07,49,8535,60292
2021-07-07,50,11840,56048
2021-07-07,51,11651,55154
2021-07-07,52,11586,54848
2021-07-07,53,11203,53033
2021-07-07,54,11015,52145
2021-07-07,55,11076,52435
2021-07-07,56,11325,53614
2021-07-07,57,11540,54629
2021-07-07,58,11574,54789
2021-07-07,59,11271,53354
2021-07-07,60,18627,44196
2021-07-07,61,17878,42418
2021-07-07,62,17426,41346
2021-07-07,63,16950,40217
2021-07-07,64,16422,38965
2021-07-07,65,15900,37724
2021-07-07,66,15449,36655
2021-07-07,67,14695,34868
2021-07-07,68,14458,34304
2021-07-07,69,13808,32762
2021-07-07,70,20069,26034
2021-07-07,71,19402,25169
2021-07-07,72,19044,24704
2021-07-07,73,18874,24484
2021-07-07,74,17092,22173
2021-07-07,75,14955,19400
2021-07-07,76,13674,17739
2021-07-07,77,12165,15782
2021-07-07,78,12046,15628
2021-07-07,79,11969,15528
2021-07-07,80,12055,13437
2021-07-07,81,10501,11705
2021-07-07,82,9362,10436
2021-07-07,83,8419,9383
2021-07-07,84,7458,8313
2021-07-07,85,6448,7187
2021-07-07,86,6096,6795
2021-07-07,87,5216,5814
2021-07-07,88,4595,5121
2021-07-07,89,4111,4582
2021-07-07,90,18082,14657
2021-07-14,10,1223,67074
2021-07-14,11,1211,66425
2021-07-14,12,1215,66643
2021-07-14,13,1205,66133
2021-07-14,14,1149,63040
2021-07-14,15,1119,61384
2021-07-14,16,1122,61534
2021-07-14,17,1126,61784
2021-07-14,18,1123,61596
2021-07-14,19,1156,63412
2021-07-14,20,7013,59718
2021-07-14,21,6882,58595
2021-07-14,22,6913,58864
2021-07-14,23,7123,60652
2021-07-14,24,7266,61870
2021-07-14,25,7488,63763
2021-07-14,26,7606,64765
2021-07-14,27,7858,66906
2021-07-14,28,8234,70110
2021-07-14,29,8345,71051
2021-07-14,30,9633,70638
2021-07-14,31,9325,68383
2021-07-14,32,9165,67206
2021-07-14,33,8936,65528
2021-07-14,34,8524,62509
2021-07-14,35,8328,61068
2021-07-14,36,8242,60440
2021-07-14,37,8109,59469
2021-07-14,38,8082,59269
2021-07-14,39,7766,56949
2021-07-14,40,8588,55838
2021-07-14,41,8421,54750
2021-07-14,42,8201,53320
2021-07-14,43,8093,52619
2021-07-14,44,8121,52804
2021-07-14,45,8202,53330
2021-07-14,46,8509,55325
2021-07-14,47,8683,56453
2021-07-14,48,9100,59166
2021-07-14,49,9175,59652
2021-07-14,50,12899,54989
2021-07-14,51,12693,54112
2021-07-14,52,12622,53812
2021-07-14,53,12205,52031
2021-07-14,54,12000,51160
2021-07-14,55,12067,51444
2021-07-14,56,12338,52601
2021-07-14,57,12572,53597
2021-07-14,58,12609,53754
2021-07-14,59,12279,52346
2021-07-14,60,20650,42173
2021-07-14,61,19819,40477
2021-07-14,62,19318,39454
2021-07-14,63,18791,38376
2021-07-14,64,18206,37181
2021-07-14,65,17626,35998
2021-07-14,66,17127,34977
2021-07-14,67,16291,33272
2021-07-14,68,16028,32734
2021-07-14,69,15308,31262
2021-07-14,70,22415,23688
2021-07-14,71,21670,22901
2021-07-14,72,21270,22478
2021-07-14,73,21081,22277
2021-07-14,74,19091,20174
2021-07-14,75,16703,17652
2021-07-14,76,15273,16140
2021-07-14,77,13588,14359
2021-07-14,78,13455,14219
2021-07-14,79,13369,14128
2021-07-14,80,13213,12279
2021-07-14,81,11509,10697
2021-07-14,82,10261,9537
2021-07-14,83,9227,8575
2021-07-14,84,8174,7597
2021-07-14,85,7067,6568
2021-07-14,86,6681,6210
2021-07-14,87,5717,5313
2021-07-14,88,5036,4680
2021-07-14,89,4506,4187
2021-07-14,90,19228,13511
2021-07-21,10,1359,66938
2021-07-21,11,1346,66290
2021-07-21,12,1350,66508
2021-07-21,13,1340,65998
2021-07-21,14,1277,62912
2021-07-21,15,1244,61259
2021-07-21,16,1247,61409
2021-07-21,17,1252,61658
2021-07-21,18,1248,61471
2021-07-21,19,1285,63283
2021-07-21,20,7494,59237
2021-07-21,21,7353,58124
2021-07-21,22,7387,58390
2021-07-21,23,7611,60164
2021-07-21,24,7764,61372
2021-07-21,25,8001,63250
2021-07-21,26,8127,64244
2021-07-21,27,8396,66368
2021-07-21,28,8798,69546
2021-07-21,29,8916,70480
2021-07-21,30,10419,69852
2021-07-21,31,10086,67622
2021-07-21,32,9913,66458
2021-07-21,33,9665,64799
2021-07-21,34,9220,61813
2021-07-21,35,9008,60388
2021-07-21,36,8915,59767
2021-07-21,37,8772,58806
2021-07-21,38,8742,58609
2021-07-21,39,8400,56315
2021-07-21,40,9477,54949
2021-07-21,41,9292,53879
2021-07-21,42,9050,52471
2021-07-21,43,8931,51781
2021-07-21,44,8962,51963
2021-07-21,45,9051,52481
2021-07-21,46,9390,54444
2021-07-21,47,9582,55554
2021-07-21,48,10042,58224
2021-07-21,49,10124,58703
2021-07-21,50,14331,53557
2021-07-21,51,14103,52702
2021-07-21,52,14024,52410
2021-07-21,53,13560,50676
2021-07-21,54,13333,49827
2021-07-21,55,13407,50104
2021-07-21,56,13709,51230
2021-07-21,57,13968,52201
2021-07-21,58,14009,52354
2021-07-21,59,13642,50983
2021-07-21,60,23081,39742
2021-07-21,61,22153,38143
2021-07-21,62,21593,37179
2021-07-21,63,21003,36164
2021-07-21,64,20349,35038
2021-07-21,65,19701,33923
2021-07-21,66,19143,32961
2021-07-21,67,18209,31354
2021-07-21,68,17915,30847
2021-07-21,69,17110,29460
2021-07-21,70,24919,21184
2021-07-21,71,24091,20480
2021-07-21,72,23646,20102
2021-07-21,73,23435,19923
2021-07-21,74,21223,18042
2021-07-21,75,18569,15786
2021-07-21,76,16979,14434
2021-07-21,77,15105,12842
2021-07-21,78,14958,12716
2021-07-21,79,14862,12635
2021-07-21,80,14367,11125
2021-07-21,81,12515,9691
2021-07-21,82,11158,8640
2021-07-21,83,10033,7769
2021-07-21,84,8889,6882
2021-07-21,85,7685,5950
2021-07-21,86,7265,5626
2021-07-21,87,6217,4813
2021-07-21,88,5476,4240
2021-07-21,89,4899,3794
2021-07-21,90,20298,12441
2021-07-28,10,1605,66692
2021-07-28,11,1589,66047
2021-07-28,12,1595,66263
2021-07-28,13,1582,65756
2021-07-28,14,1508,62681
2021-07-28,15,1469,61034
2021-07-28,16,1472,61184
2021-07-28,17,1478,61432
2021-07-28,18,1474,61245
2021-07-28,19,1517,63051
2021-07-28,20,8221,58510
2021-07-28,21,8067,57410
2021-07-28,22,8104,57673
2021-07-28,23,8350,59425
2021-07-28,24,8518,60618
2021-07-28,25,8778,62473
2021-07-28,26,8916,63455
2021-07-28,27,9211,65553
2021-07-28,28,9652,68692
2021-07-28,29,9782,69614
2021-07-28,30,11687,68584
2021-07-28,31,11314,66394
2021-07-28,32,11120,65251
2021-07-28,33,10842,63622
2021-07-28,34,10342,60691
2021-07-28,35,10104,59292
2021-07-28,36,10000,58682
2021-07-28,37,9839,57739
2021-07-28,38,9806,57545
2021-07-28,39,9423,55292
2021-07-28,40,11113,53313
2021-07-28,41,10897,52274
2021-07-28,42,10612,50909
2021-07-28,43,10473,50239
2021-07-28,44,10510,50415
2021-07-28,45,10614,50918
2021-07-28,46,11011,52823
2021-07-28,47,11236,53900
2021-07-28,48,11776,56490
2021-07-28,49,11873,56954
2021-07-28,50,16687,51201
2021-07-28,51,16421,50384
2021-07-28,52,16329,50105
2021-07-28,53,15789,48447
2021-07-28,54,15525,47635
2021-07-28,55,15611,47900
2021-07-28,56,15962,48977
2021-07-28,57,16264,49905
2021-07-28,58,16312,50051
2021-07-28,59,15885,48740
2021-07-28,60,26851,35972
2021-07-28,61,25771,34525
2021-07-28,62,25119,33653
2021-07-28,63,24433,32734
2021-07-28,64,23672,31715
2021-07-28,65,22919,30705
2021-07-28,66,22269,29835
2021-07-28,67,21183,28380
2021-07-28,68,20841,27921
2021-07-28,69,19904,26666
2021-07-28,70,28552,17551
2021-07-28,71,27603,16968
2021-07-28,72,27093,16655
2021-07-28,73,26852,16506
2021-07-28,74,24317,14948
2021-07-28,75,21276,13079
2021-07-28,76,19454,11959
2021-07-28,77,17308,10639
2021-07-28,78,17139,10535
2021-07-28,79,17029,10468
2021-07-28,80,16185,9307
2021-07-28,81,14099,8107
2021-07-28,82,12570,7228
2021-07-28,83,11302,6500
2021-07-28,84,10013,5758
2021-07-28,85,8657,4978
2021-07-28,86,8184,4707
2021-07-28,87,7003,4027
2021-07-28,88,6169,3547
2021-07-28,89,5519,3174
2021-07-28,90,22154,10585
2021-08-04,10,1994,66303
2021-08-04,11,1975,65661
2021-08-04,12,1981,65877
2021-08-04,13,1966,65372
2021-08-04,14,1874,62315
2021-08-04,15,1825,60678
2021-08-04,16,1830,60826
2021-08-04,17,1837,61073
2021-08-04,18,1831,60888
2021-08-04,19,1885,62683
2021-08-04,20,9523,57208
2021-08-04,21,9344,56133
2021-08-04,22,9386,56391
2021-08-04,23,9671,58104
2021-08-04,24,9866,59270
2021-08-04,25,10168,61083
2021-08-04,26,10327,62044
2021-08-04,27,10669,64095
2021-08-04,28,11180,67164
2021-08-04,29,11330,68066
2021-08-04,30,13895,66376
2021-08-04,31,13451,64257
2021-08-04,32,13220,63151
2021-08-04,33,12890,61574
2021-08-04,34,12296,58737
2021-08-04,35,12012,57384
2021-08-04,36,11889,56793
2021-08-04,37,11698,55880
2021-08-04,38,11658,55693
2021-08-04,39,11202,53513
2021-08-04,40,13877,50549
2021-08-04,41,13607,49564
2021-08-04,42,13252,48269
2021-08-04,43,13077,47635
2021-08-04,44,13123,47802
2021-08-04,45,13254,48278
2021-08-04,46,13750,50084
2021-08-04,47,14030,51106
2021-08-04,48,14704,53562
2021-08-04,49,14825,54002
2021-08-04,50,20068,47820
2021-08-04,51,19748,47057
2021-08-04,52,19638,46796
2021-08-04,53,18988,45248
2021-08-04,54,18670,44490
2021-08-04,55,18774,44737
2021-08-04,56,19196,45743
2021-08-04,57,19560,46609
2021-08-04,58,19617,46746
2021-08-04,59,19103,45522
2021-08-04,60,32812,30011
2021-08-04,61,31493,28803
2021-08-04,62,30697,28075
2021-08-04,63,29858,27309
2021-08-04,64,28929,26458
2021-08-04,65,28008,25616
2021-08-04,66,27214,24890
2021-08-04,67,25887,23676
2021-08-04,68,25468,23294
2021-08-04,69,24324,22246
2021-08-04,70,32281,13822
2021-08-04,71,31209,13362
2021-08-04,72,30632,13116
2021-08-04,73,30359,12999
2021-08-04,74,27493,11772
2021-08-04,75,24055,10300
2021-08-04,76,21995,9418
2021-08-04,77,19568,8379
2021-08-04,78,19377,8297
2021-08-04,79,19253,8244
2021-08-04,80,18010,7482
2021-08-04,81,15689,6517
2021-08-04,82,13987,5811
2021-08-04,83,12577,5225
2021-08-04,84,11142,4629
2021-08-04,85,9633,4002
2021-08-04,86,9107,3784
2021-08-04,87,7793,3237
2021-08-04,88,6864,2852
2021-08-04,89,6142,2551
2021-08-04,90,23913,8826
2021-08-11,10,2431,65866
2021-08-11,11,2408,65228
2021-08-11,12,2416,65442
2021-08-11,13,2397,64941
2021-08-11,14,2285,61904
2021-08-11,15,2225,60278
2021-08-11,16,2231,60425
2021-08-11,17,2240,60670
2021-08-11,18,2233,60486
2021-08-11,19,2299,62269
2021-08-11,20,10877,55854
2021-08-11,21,10673,54804
2021-08-11,22,10722,55055
2021-08-11,23,11047,56728
2021-08-11,24,11269,57867
2021-08-11,25,11614,59637
2021-08-11,26,11796,60575
2021-08-11,27,12187,62577
2021-08-11,28,12770,65574
2021-08-11,29,12942,66454
2021-08-11,30,16279,63992
2021-08-11,31,15759,61949
2021-08-11,32,15488,60883
2021-08-11,33,15101,59363
2021-08-11,34,14405,56628
2021-08-11,35,14074,55322
2021-08-11,36,13929,54753
2021-08-11,37,13705,53873
2021-08-11,38,13659,53692
2021-08-11,39,13124,51591
2021-08-11,40,16615,47811
2021-08-11,41,16292,46879
2021-08-11,42,15866,45655
2021-08-11,43,15658,45054
2021-08-11,44,15713,45212
2021-08-11,45,15869,45663
2021-08-11,46,16463,47371
2021-08-11,47,16799,48337
2021-08-11,48,17606,50660
2021-08-11,49,17750,51077
2021-08-11,50,24786,43102
2021-08-11,51,24391,42414
2021-08-11,52,24255,42179
2021-08-11,53,23453,40783
2021-08-11,54,23060,40100
2021-08-11,55,23188,40323
2021-08-11,56,23709,41230
2021-08-11,57,24158,42011
2021-08-11,58,24229,42134
2021-08-11,59,23595,41030
2021-08-11,60,38385,24438
2021-08-11,61,36841,23455
2021-08-11,62,35910,22862
2021-08-11,63,34929,22238
2021-08-11,64,33841,21546
2021-08-11,65,32764,20860
2021-08-11,66,31836,20268
2021-08-11,67,30283,19280
2021-08-11,68,29794,18968
2021-08-11,69,28454,18116
2021-08-11,70,35034,11069
2021-08-11,71,33870,10701
2021-08-11,72,33244,10504
2021-08-11,73,32948,10410
2021-08-11,74,29837,9428
2021-08-11,75,26106,8249
2021-08-11,76,23871,7542
2021-08-11,77,21237,6710
2021-08-11,78,21029,6645
2021-08-11,79,20895,6602
2021-08-11,80,19519,5973
2021-08-11,81,17003,5203
2021-08-11,82,15159,4639
2021-08-11,83,13631,4171
2021-08-11,84,12076,3695
2021-08-11,85,10440,3195
2021-08-11,86,9871,3020
2021-08-11,87,8446,2584
2021-08-11,88,7440,2276
2021-08-11,89,6656,2037
2021-08-11,90,25514,7225
2021-08-18,10,3026,65271
2021-08-18,11,2996,64640
2021-08-18,12,3006,64852
2021-08-18,13,2983,64355
2021-08-18,14,2844,61345
2021-08-18,15,2769,59734
2021-08-18,16,2776,59880
2021-08-18,17,2787,60123
2021-08-18,18,2778,59941
2021-08-18,19,2860,61708
2021-08-18,20,12732,53999
2021-08-18,21,12493,52984
2021-08-18,22,12550,53227
2021-08-18,23,12931,54844
2021-08-18,24,13191,55945
2021-08-18,25,13595,57656
2021-08-18,26,13808,58563
2021-08-18,27,14265,60499
2021-08-18,28,14948,63396
2021-08-18,29,15149,64247
2021-08-18,30,19345,60926
2021-08-18,31,18728,58980
2021-08-18,32,18405,57966
2021-08-18,33,17946,56518
2021-08-18,34,17119,53914
2021-08-18,35,16724,52672
2021-08-18,36,16552,52130
2021-08-18,37,16286,51292
2021-08-18,38,16232,51119
2021-08-18,39,15596,49119
2021-08-18,40,19914,44512
2021-08-18,41,19526,43645
2021-08-18,42,19016,42505
2021-08-18,43,18766,41946
2021-08-18,44,18832,42093
2021-08-18,45,19020,42512
2021-08-18,46,19731,44103
2021-08-18,47,20134,45002
2021-08-18,48,21101,47165
2021-08-18,49,21274,47553
2021-08-18,50,31507,36381
2021-08-18,51,31004,35801
2021-08-18,52,30832,35602
2021-08-18,53,29812,34424
2021-08-18,54,29313,33847
2021-08-18,55,29475,34036
2021-08-18,56,30138,34801
2021-08-18,57,30709,35460
2021-08-18,58,30799,35564
2021-08-18,59,29992,34633
2021-08-18,60,42663,20160
2021-08-18,61,40947,19349
2021-08-18,62,39912,18860
2021-08-18,63,38822,18345
2021-08-18,64,37613,17774
2021-08-18,65,36416,17208
2021-08-18,66,35384,16720
2021-08-18,67,33658,15905
2021-08-18,68,33114,15648
2021-08-18,69,31626,14944
2021-08-18,70,36993,9110
2021-08-18,71,35764,8807
2021-08-18,72,35103,8645
2021-08-18,73,34790,8568
2021-08-18,74,31506,7759
2021-08-18,75,27566,6789
2021-08-18,76,25206,6207
2021-08-18,77,22425,5522
2021-08-18,78,22206,5468
2021-08-18,79,22064,5433
2021-08-18,80,20610,4882
2021-08-18,81,17954,4252
2021-08-18,82,16007,3791
2021-08-18,83,14393,3409
2021-08-18,84,12751,3020
2021-08-18,85,11024,2611
2021-08-18,86,10422,2469
2021-08-18,87,8918,2112
2021-08-18,88,7855,1861
2021-08-18,89,7028,1665
2021-08-18,90,26545,6194
2021-08-25,12,12635,55223
2021-08-25,13,12538,54800
2021-08-25,14,11952,52237
2021-08-25,15,11638,50865
2021-08-25,16,11667,50989
2021-08-25,17,11714,51196
2021-08-25,18,11678,51041
2021-08-25,19,12023,52545
2021-08-25,20,12425,54306
2021-08-25,21,12192,53285
2021-08-25,22,12248,53529
2021-08-25,23,12620,55155
2021-08-25,24,12873,56263
2021-08-25,25,13267,57984
2021-08-25,26,13475,58896
2021-08-25,27,13921,60843
2021-08-25,28,14588,63756
2021-08-25,29,14784,64612
2021-08-25,30,26610,53661
2021-08-25,31,25760,51948
2021-08-25,32,25317,51054
2021-08-25,33,24685,49779
2021-08-25,34,23547,47486
2021-08-25,35,23005,46391
2021-08-25,36,22768,45914
2021-08-25,37,22402,45176
2021-08-25,38,22327,45024
2021-08-25,39,21453,43262
2021-08-25,40,21357,43069
2021-08-25,41,20941,42230
2021-08-25,42,20394,41127
2021-08-25,43,20126,40586
2021-08-25,44,20197,40728
2021-08-25,45,20398,41134
2021-08-25,46,21161,42673
2021-08-25,47,21593,43543
2021-08-25,48,22630,45636
2021-08-25,49,22816,46011
2021-08-25,50,39443,28445
2021-08-25,51,38814,27991
2021-08-25,52,38598,27836
2021-08-25,53,37321,26915
2021-08-25,54,36696,26464
2021-08-25,55,36900,26611
2021-08-25,56,37730,27209
2021-08-25,57,38444,27725
2021-08-25,58,38557,27806
2021-08-25,59,37547,27078
2021-08-25,60,36500,26323
2021-08-25,61,35032,25264
2021-08-25,62,34147,24625
2021-08-25,63,33214,23953
2021-08-25,64,32180,23207
2021-08-25,65,43446,10178
2021-08-25,66,42215,9889
2021-08-25,67,40156,9407
2021-08-25,68,39507,9255
2021-08-25,69,37731,8839
2021-08-25,70,37353,8750
2021-08-25,71,36111,8460
2021-08-25,72,35445,8303
2021-08-25,73,35129,8229
2021-08-25,74,31813,7452
2021-08-25,75,27834,6521
2021-08-25,76,25451,5962
2021-08-25,77,22643,5304
2021-08-25,78,22421,5253
2021-08-25,79,22278,5219
2021-08-25,80,20654,4838
2021-08-25,81,17991,4215
2021-08-25,82,16040,3758
2021-08-25,83,14423,3379
2021-08-25,84,12778,2993
2021-08-25,85,11047,2588
2021-08-25,86,10444,2447
2021-08-25,87,8937,2093
2021-08-25,88,7872,1844
2021-08-25,89,7043,1650
2021-08-25,90,26525,6214
2021-08-31,12,15974,51884
2021-08-31,13,15851,51487
2021-08-31,14,15110,49079
2021-08-31,15,14713,47790
2021-08-31,16,18803,43853
2021-08-31,17,18879,44031
2021-08-31,18,18822,43897
2021-08-31,19,19377,45191
2021-08-31,20,20486,46245
2021-08-31,21,20101,45376
2021-08-31,22,20194,45583
2021-08-31,23,20807,46968
2021-08-31,24,21225,47911
2021-08-31,25,23677,47574
2021-08-31,26,24049,48322
2021-08-31,27,24844,49920
2021-08-31,28,26034,52310
2021-08-31,29,26383,53013
2021-08-31,30,31675,48596
2021-08-31,31,30664,47044
2021-08-31,32,30136,46235
2021-08-31,33,29383,45081
2021-08-31,34,28030,43003
2021-08-31,35,30500,38896
2021-08-31,36,30186,38496
2021-08-31,37,29701,37877
2021-08-31,38,29601,37750
2021-08-31,39,28442,36273
2021-08-31,40,31150,33276
2021-08-31,41,30543,32628
2021-08-31,42,29745,31776
2021-08-31,43,29354,31358
2021-08-31,44,29457,31468
2021-08-31,45,31394,30138
2021-08-31,46,32568,31266
2021-08-31,47,33232,31904
2021-08-31,48,34829,33437
2021-08-31,49,35116,33711
2021-08-31,50,41106,26782
2021-08-31,51,40450,26355
2021-08-31,52,40226,26208
2021-08-31,53,38895,25341
2021-08-31,54,38243,24917
2021-08-31,55,42165,21346
2021-08-31,56,43113,21826
2021-08-31,57,43930,22239
2021-08-31,58,44058,22305
2021-08-31,59,42905,21720
2021-08-31,60,46476,16347
2021-08-31,61,44607,15689
2021-08-31,62,43480,15292
2021-08-31,63,42292,14875
2021-08-31,64,40975,14412
2021-08-31,65,44926,8698
2021-08-31,66,43653,8451
2021-08-31,67,41524,8039
2021-08-31,68,40853,7909
2021-08-31,69,39016,7554
2021-08-31,70,38625,7478
2021-08-31,71,37342,7229
2021-08-31,72,36652,7096
2021-08-31,73,36325,7033
2021-08-31,74,32896,6369
2021-08-31,75,28783,5572
2021-08-31,76,26318,5095
2021-08-31,77,23414,4533
2021-08-31,78,23185,4489
2021-08-31,79,23037,4460
2021-08-31,80,21357,4135
2021-08-31,81,18604,3602
2021-08-31,82,16587,3211
2021-08-31,83,14915,2887
2021-08-31,84,13213,2558
2021-08-31,85,11423,2212
2021-08-31,86,10800,2091
2021-08-31,87,9241,1789
2021-08-31,88,8140,1576
2021-08-31,89,7283,1410
2021-08-31,90,27429,5310
2021-09-07,12,26722,41136
2021-09-07,13,26518,40820
2021-09-07,14,25278,38911
2021-09-07,15,24614,37889
2021-09-07,16,27024,35632
2021-09-07,17,27133,35777
2021-09-07,18,27051,35668
2021-09-07,19,27848,36720
2021-09-07,20,27326,39405
2021-09-07,21,26813,38664
2021-09-07,22,26936,38841
2021-09-07,23,27754,40021
2021-09-07,24,28311,40825
2021-09-07,25,30845,40406
2021-09-07,26,31329,41042
2021-09-07,27,32365,42399
2021-09-07,28,33915,44429
2021-09-07,29,34371,45025
2021-09-07,30,39461,40810
2021-09-07,31,38201,39507
2021-09-07,32,37544,38827
2021-09-07,33,36607,37857
2021-09-07,34,34920,36113
2021-09-07,35,37640,31756
2021-09-07,36,37253,31429
2021-09-07,37,36654,30924
2021-09-07,38,36531,30820
2021-09-07,39,35101,29614
2021-09-07,40,38301,26125
2021-09-07,41,37555,25616
2021-09-07,42,36574,24947
2021-09-07,43,36093,24619
2021-09-07,44,36220,24705
2021-09-07,45,37910,23622
2021-09-07,46,39328,24506
2021-09-07,47,40130,25006
2021-09-07,48,42059,26207
2021-09-07,49,42404,26423
2021-09-07,50,46809,21079
2021-09-07,51,46062,20743
2021-09-07,52,45806,20628
2021-09-07,53,44291,19945
2021-09-07,54,43549,19611
2021-09-07,55,46122,17389
2021-09-07,56,47159,17780
2021-09-07,57,48052,18117
2021-09-07,58,48193,18170
2021-09-07,59,46931,17694
2021-09-07,60,49605,13218
2021-09-07,61,47610,12686
2021-09-07,62,46406,12366
2021-09-07,63,45139,12028
2021-09-07,64,43734,11653
2021-09-07,65,44889,8735
2021-09-07,66,43616,8488
2021-09-07,67,41489,8074
2021-09-07,68,40819,7943
2021-09-07,69,38984,7586
2021-09-07,70,39994,6109
2021-09-07,71,38665,5906
2021-09-07,72,37951,5797
2021-09-07,73,37613,5745
2021-09-07,74,34062,5203
2021-09-07,75,30112,4243
2021-09-07,76,27533,3880
2021-09-07,77,24496,3451
2021-09-07,78,24256,3418
2021-09-07,79,24101,3396
2021-09-07,80,22563,2929
2021-09-07,81,19655,2551
2021-09-07,82,17523,2275
2021-09-07,83,15757,2045
2021-09-07,84,13959,1812
2021-09-07,85,11721,1914
2021-09-07,86,11081,1810
2021-09-07,87,9481,1549
2021-09-07,88,8352,1364
2021-09-07,89,7473,1220
2021-09-07,90,28087,4652
2021-09-14,12,34126,33732
2021-09-14,13,33864,33474
2021-09-14,14,32281,31908
2021-09-14,15,31433,31070
2021-09-14,16,32782,29874
2021-09-14,17,32915,29995
2021-09-14,18,32815,29904
2021-09-14,19,33782,30786
2021-09-14,20,32965,33766
2021-09-14,21,32346,33131
2021-09-14,22,32494,33283
2021-09-14,23,33481,34294
2021-09-14,24,34153,34983
2021-09-14,25,36801,34450
2021-09-14,26,37380,34991
2021-09-14,27,38616,36148
2021-09-14,28,40465,37879
2021-09-14,29,41008,38388
2021-09-14,30,45835,34436
2021-09-14,31,44371,33337
2021-09-14,32,43608,32763
2021-09-14,33,42519,31945
2021-09-14,34,40560,30473
2021-09-14,35,43366,26030
2021-09-14,36,42919,25763
2021-09-14,37,42229,25349
2021-09-14,38,42088,25263
2021-09-14,39,40440,24275
2021-09-14,40,43597,20829
2021-09-14,41,42748,20423
2021-09-14,42,41631,19890
2021-09-14,43,41084,19628
2021-09-14,44,41228,19697
2021-09-14,45,42482,19050
2021-09-14,46,44071,19763
2021-09-14,47,44970,20166
2021-09-14,48,47131,21135
2021-09-14,49,47518,21309
2021-09-14,50,50570,17318
2021-09-14,51,49763,17042
2021-09-14,52,49487,16947
2021-09-14,53,47849,16387
2021-09-14,54,47048,16112
2021-09-14,55,48808,14703
2021-09-14,56,49906,15033
2021-09-14,57,50851,15318
2021-09-14,58,51000,15363
2021-09-14,59,49664,14961
2021-09-14,60,51772,11051
2021-09-14,61,49690,10606
2021-09-14,62,48434,10338
2021-09-14,63,47111,10056
2021-09-14,64,45644,9743
2021-09-14,65,46036,7588
2021-09-14,66,44731,7373
2021-09-14,67,42550,7013
2021-09-14,68,41862,6900
2021-09-14,69,39980,6590
2021-09-14,70,40727,5376
2021-09-14,71,39374,5197
2021-09-14,72,38647,5101
2021-09-14,73,38302,5056
2021-09-14,74,34687,4578
2021-09-14,75,30617,3738
2021-09-14,76,27995,3418
2021-09-14,77,24906,3041
2021-09-14,78,24663,3011
2021-09-14,79,24505,2992
2021-09-14,80,22961,2531
2021-09-14,81,20001,2205
2021-09-14,82,17832,1966
2021-09-14,83,16034,1768
2021-09-14,84,14205,1566
2021-09-14,85,11916,1719
2021-09-14,86,11265,1626
2021-09-14,87,9639,1391
2021-09-14,88,8491,1225
2021-09-14,89,7597,1096
2021-09-14,90,28565,4174
2021-09-21,12,39303,28555
2021-09-21,13,39002,28336
2021-09-21,14,37178,27011
2021-09-21,15,36202,26301
2021-09-21,16,36886,25770
2021-09-21,17,37035,25875
2021-09-21,18,36923,25796
2021-09-21,19,38011,26557
2021-09-21,20,37403,29328
2021-09-21,21,36700,28777
2021-09-21,22,36868,28909
2021-09-21,23,37988,29787
2021-09-21,24,38751,30385
2021-09-21,25,41340,29911
2021-09-21,26,41990,30381
2021-09-21,27,43378,31386
2021-09-21,28,45455,32889
2021-09-21,29,46066,33330
2021-09-21,30,51357,28914
2021-09-21,31,49718,27990
2021-09-21,32,48862,27509
2021-09-21,33,47642,26822
2021-09-21,34,45447,25586
2021-09-21,35,48154,21242
2021-09-21,36,47658,21024
2021-09-21,37,46892,20686
2021-09-21,38,46735,20616
2021-09-21,39,44906,19809
2021-09-21,40,47392,17034
2021-09-21,41,46469,16702
2021-09-21,42,45255,16266
2021-09-21,43,44660,16052
2021-09-21,44,44816,16109
2021-09-21,45,45644,15888
2021-09-21,46,47352,16482
2021-09-21,47,48318,16818
2021-09-21,48,50640,17626
2021-09-21,49,51056,17771
2021-09-21,50,53245,14643
2021-09-21,51,52395,14410
2021-09-21,52,52104,14330
2021-09-21,53,50380,13856
2021-09-21,54,49536,13624
2021-09-21,55,50809,12702
2021-09-21,56,51951,12988
2021-09-21,57,52935,13234
2021-09-21,58,53090,13273
2021-09-21,59,51700,12925
2021-09-21,60,53343,9480
2021-09-21,61,51197,9099
2021-09-21,62,49903,8869
2021-09-21,63,48540,8627
2021-09-21,64,47029,8358
2021-09-21,65,46916,6708
2021-09-21,66,45586,6518
2021-09-21,67,43363,6200
2021-09-21,68,42662,6100
2021-09-21,69,40744,5826
2021-09-21,70,41271,4832
2021-09-21,71,39900,4671
2021-09-21,72,39163,4585
2021-09-21,73,38814,4544
2021-09-21,74,35150,4115
2021-09-21,75,31023,3332
2021-09-21,76,28366,3047
2021-09-21,77,25236,2711
2021-09-21,78,24990,2684
2021-09-21,79,24830,2667
2021-09-21,80,23272,2220
2021-09-21,81,20272,1934
2021-09-21,82,18074,1724
2021-09-21,83,16251,1551
2021-09-21,84,14397,1374
2021-09-21,85,12094,1541
2021-09-21,86,11434,1457
2021-09-21,87,9784,1246
2021-09-21,88,8618,1098
2021-09-21,89,7711,982
2021-09-21,90,28974,3765
2021-09-28,12,42248,25610
2021-09-28,13,41925,25413
2021-09-28,14,39964,24225
2021-09-28,15,38914,23589
2021-09-28,16,39448,23208
2021-09-28,17,39608,23302
2021-09-28,18,39488,23231
2021-09-28,19,40652,23916
2021-09-28,20,40265,26466
2021-09-28,21,39509,25968
2021-09-28,22,39690,26087
2021-09-28,23,40895,26880
2021-09-28,24,41717,27419
2021-09-28,25,44154,27097
2021-09-28,26,44848,27523
2021-09-28,27,46331,28433
2021-09-28,28,48550,29794
2021-09-28,29,49202,30194
2021-09-28,30,54584,25687
2021-09-28,31,52841,24867
2021-09-28,32,51932,24439
2021-09-28,33,50636,23828
2021-09-28,34,48302,22731
2021-09-28,35,50756,18640
2021-09-28,36,50234,18448
2021-09-28,37,49427,18151
2021-09-28,38,49261,18090
2021-09-28,39,47333,17382
2021-09-28,40,49286,15140
2021-09-28,41,48326,14845
2021-09-28,42,47064,14457
2021-09-28,43,46445,14267
2021-09-28,44,46608,14317
2021-09-28,45,47238,14294
2021-09-28,46,49005,14829
2021-09-28,47,50005,15131
2021-09-28,48,52408,15858
2021-09-28,49,52838,15989
2021-09-28,50,54657,13231
2021-09-28,51,53785,13020
2021-09-28,52,53486,12948
2021-09-28,53,51716,12520
2021-09-28,54,50850,12310
2021-09-28,55,51876,11635
2021-09-28,56,53042,11897
2021-09-28,57,54047,12122
2021-09-28,58,54205,12158
2021-09-28,59,52786,11839
2021-09-28,60,54229,8594
2021-09-28,61,52048,8248
2021-09-28,62,50732,8040
2021-09-28,63,49347,7820
2021-09-28,64,47810,7577
2021-09-28,65,47500,6124
2021-09-28,66,46154,5950
2021-09-28,67,43903,5660
2021-09-28,68,43193,5569
2021-09-28,69,41252,5318
2021-09-28,70,41677,4426
2021-09-28,71,40292,4279
2021-09-28,72,39548,4200
2021-09-28,73,39196,4162
2021-09-28,74,35496,3769
2021-09-28,75,31315,3040
2021-09-28,76,28633,2780
2021-09-28,77,25474,2473
2021-09-28,78,25225,2449
2021-09-28,79,25064,2433
2021-09-28,80,23501,1991
2021-09-28,81,20472,1734
2021-09-28,82,18252,1546
2021-09-28,83,16412,1390
2021-09-28,84,14539,1232
2021-09-28,85,12237,1398
2021-09-28,86,11570,1321
2021-09-28,87,9899,1131
2021-09-28,88,8720,996
2021-09-28,89,7802,891
2021-09-28,90,29351,3388
2021-10-05,12,44841,23017
2021-10-05,13,44497,22841
2021-10-05,14,42416,21773
2021-10-05,15,41302,21201
2021-10-05,16,41716,20940
2021-10-05,17,41885,21025
2021-10-05,18,41758,20961
2021-10-05,19,42989,21579
2021-10-05,20,42721,24010
2021-10-05,21,41918,23559
2021-10-05,22,42110,23667
2021-10-05,23,43390,24385
2021-10-05,24,44261,24875
2021-10-05,25,46491,24760
2021-10-05,26,47222,25149
2021-10-05,27,48784,25980
2021-10-05,28,51119,27225
2021-10-05,29,51806,27590
2021-10-05,30,56904,23367
2021-10-05,31,55087,22621
2021-10-05,32,54139,22232
2021-10-05,33,52788,21676
2021-10-05,34,50355,20678
2021-10-05,35,52574,16822
2021-10-05,36,52033,16649
2021-10-05,37,51197,16381
2021-10-05,38,51025,16326
2021-10-05,39,49028,15687
2021-10-05,40,50684,13742
2021-10-05,41,49697,13474
2021-10-05,42,48399,13122
2021-10-05,43,47762,12950
2021-10-05,44,47930,12995
2021-10-05,45,48364,13168
2021-10-05,46,50174,13660
2021-10-05,47,51197,13939
2021-10-05,48,53657,14609
2021-10-05,49,54098,14729
2021-10-05,50,55743,12145
2021-10-05,51,54854,11951
2021-10-05,52,54549,11885
2021-10-05,53,52744,11492
2021-10-05,54,51861,11299
2021-10-05,55,52720,10791
2021-10-05,56,53906,11033
2021-10-05,57,54927,11242
2021-10-05,58,55088,11275
2021-10-05,59,53645,10980
2021-10-05,60,54882,7941
2021-10-05,61,52675,7621
2021-10-05,62,51343,7429
2021-10-05,63,49941,7226
2021-10-05,64,48386,7001
2021-10-05,65,47913,5711
2021-10-05,66,46555,5549
2021-10-05,67,44285,5278
2021-10-05,68,43569,5193
2021-10-05,69,41610,4960
2021-10-05,70,41954,4149
2021-10-05,71,40560,4011
2021-10-05,72,39811,3937
2021-10-05,73,39456,3902
2021-10-05,74,35731,3534
2021-10-05,75,31528,2827
2021-10-05,76,28828,2585
2021-10-05,77,25647,2300
2021-10-05,78,25396,2278
2021-10-05,79,25234,2263
2021-10-05,80,23649,1843
2021-10-05,81,20601,1605
2021-10-05,82,18367,1431
2021-10-05,83,16515,1287
2021-10-05,84,14631,1140
2021-10-05,85,12330,1305
2021-10-05,86,11657,1234
2021-10-05,87,9974,1056
2021-10-05,88,8786,930
2021-10-05,89,7861,832
2021-10-05,90,29606,3133
2021-10-12,12,48179,19679
2021-10-12,13,47810,19528
2021-10-12,14,45574,18615
2021-10-12,15,44377,18126
2021-10-12,16,44642,18014
2021-10-12,17,44823,18087
2021-10-12,18,44687,18032
2021-10-12,19,46005,18563
2021-10-12,20,45978,20753
2021-10-12,21,45114,20363
2021-10-12,22,45320,20457
2021-10-12,23,46697,21078
2021-10-12,24,47635,21501
2021-10-12,25,49491,21760
2021-10-12,26,50269,22102
2021-10-12,27,51931,22833
2021-10-12,28,54418,23926
2021-10-12,29,55148,24248
2021-10-12,30,59802,20469
2021-10-12,31,57892,19816
2021-10-12,32,56896,19475
2021-10-12,33,55476,18988
2021-10-12,34,52920,18113
2021-10-12,35,54760,14636
2021-10-12,36,54197,14485
2021-10-12,37,53326,14252
2021-10-12,38,53147,14204
2021-10-12,39,51067,13648
2021-10-12,40,52385,12041
2021-10-12,41,51364,11807
2021-10-12,42,50023,11498
2021-10-12,43,49365,11347
2021-10-12,44,49538,11387
2021-10-12,45,49798,11734
2021-10-12,46,51661,12173
2021-10-12,47,52715,12421
2021-10-12,48,55248,13018
2021-10-12,49,55702,13125
2021-10-12,50,57148,10740
2021-10-12,51,56236,10569
2021-10-12,52,55924,10510
2021-10-12,53,54074,10162
2021-10-12,54,53168,9992
2021-10-12,55,53737,9774
2021-10-12,56,54945,9994
2021-10-12,57,55986,10183
2021-10-12,58,56150,10213
2021-10-12,59,54679,9946
2021-10-12,60,55667,7156
2021-10-12,61,53428,6868
2021-10-12,62,52078,6694
2021-10-12,63,50656,6511
2021-10-12,64,49078,6309
2021-10-12,65,48406,5218
2021-10-12,66,47034,5070
2021-10-12,67,44741,4822
2021-10-12,68,44017,4745
2021-10-12,69,42039,4531
2021-10-12,70,42313,3790
2021-10-12,71,40907,3664
2021-10-12,72,40152,3596
2021-10-12,73,39794,3564
2021-10-12,74,36037,3228
2021-10-12,75,31775,2580
2021-10-12,76,29054,2359
2021-10-12,77,25848,2099
2021-10-12,78,25596,2078
2021-10-12,79,25432,2065
2021-10-12,80,23843,1649
2021-10-12,81,20769,1437
2021-10-12,82,18517,1281
2021-10-12,83,16650,1152
2021-10-12,84,14751,1020
2021-10-12,85,12431,1204
2021-10-12,86,11753,1138
2021-10-12,87,10056,974
2021-10-12,88,8858,858
2021-10-12,89,7925,768
2021-10-12,90,30192,2547
2021-10-19,12,51470,16388
2021-10-19,13,51076,16262
2021-10-19,14,48687,15502
2021-10-19,15,47409,15094
2021-10-19,16,47286,15370
2021-10-19,17,47478,15432
2021-10-19,18,47334,15385
2021-10-19,19,48729,15839
2021-10-19,20,48927,17804
2021-10-19,21,48008,17469
2021-10-19,22,48228,17549
2021-10-19,23,49693,18082
2021-10-19,24,50691,18445
2021-10-19,25,52284,18967
2021-10-19,26,53106,19265
2021-10-19,27,54862,19902
2021-10-19,28,57489,20855
2021-10-19,29,58261,21135
2021-10-19,30,62668,17603
2021-10-19,31,60667,17041
2021-10-19,32,59623,16748
2021-10-19,33,58134,16330
2021-10-19,34,55455,15578
2021-10-19,35,56835,12561
2021-10-19,36,56251,12431
2021-10-19,37,55346,12232
2021-10-19,38,55160,12191
2021-10-19,39,53002,11713
2021-10-19,40,54021,10405
2021-10-19,41,52969,10202
2021-10-19,42,51585,9936
2021-10-19,43,50907,9805
2021-10-19,44,51086,9839
2021-10-19,45,51158,10374
2021-10-19,46,53072,10762
2021-10-19,47,54154,10982
2021-10-19,48,56756,11510
2021-10-19,49,57223,11604
2021-10-19,50,58472,9416
2021-10-19,51,57539,9266
2021-10-19,52,57220,9214
2021-10-19,53,55326,8910
2021-10-19,54,54400,8760
2021-10-19,55,54708,8803
2021-10-19,56,55938,9001
2021-10-19,57,56998,9171
2021-10-19,58,57165,9198
2021-10-19,59,55668,8957
2021-10-19,60,56396,6427
2021-10-19,61,54128,6168
2021-10-19,62,52760,6012
2021-10-19,63,51319,5848
2021-10-19,64,49721,5666
2021-10-19,65,48905,4719
2021-10-19,66,47519,4585
2021-10-19,67,45201,4362
2021-10-19,68,44471,4291
2021-10-19,69,42472,4098
2021-10-19,70,42645,3458
2021-10-19,71,41228,3343
2021-10-19,72,40467,3281
2021-10-19,73,40106,3252
2021-10-19,74,36320,2945
2021-10-19,75,32012,2343
2021-10-19,76,29271,2142
2021-10-19,77,26041,1906
2021-10-19,78,25787,1887
2021-10-19,79,25622,1875
2021-10-19,80,24019,1473
2021-10-19,81,20922,1284
2021-10-19,82,18654,1144
2021-10-19,83,16773,1029
2021-10-19,84,14859,912
2021-10-19,85,12543,1092
2021-10-19,86,11858,1033
2021-10-19,87,10146,884
2021-10-19,88,8938,778
2021-10-19,89,7997,696
2021-10-19,90,30215,2524
2021-10-26,12,53174,14684
2021-10-26,13,52766,14572
2021-10-26,14,50299,13890
2021-10-26,15,48977,13526
2021-10-26,16,48909,13747
2021-10-26,17,49108,13802
2021-10-26,18,48958,13761
2021-10-26,19,50402,14166
2021-10-26,20,50676,16055
2021-10-26,21,49723,15754
2021-10-26,22,49951,15826
2021-10-26,23,51468,16307
2021-10-26,24,52502,16634
2021-10-26,25,54023,17228
2021-10-26,26,54872,17499
2021-10-26,27,56686,18078
2021-10-26,28,59400,18944
2021-10-26,29,60198,19198
2021-10-26,30,64369,15902
2021-10-26,31,62314,15394
2021-10-26,32,61242,15129
2021-10-26,33,59713,14751
2021-10-26,34,56961,14072
2021-10-26,35,58015,11381
2021-10-26,36,57418,11264
2021-10-26,37,56495,11083
2021-10-26,38,56305,11046
2021-10-26,39,54102,10613
2021-10-26,40,54923,9503
2021-10-26,41,53853,9318
2021-10-26,42,52447,9074
2021-10-26,43,51757,8955
2021-10-26,44,51939,8986
2021-10-26,45,51871,9661
2021-10-26,46,53812,10022
2021-10-26,47,54910,10226
2021-10-26,48,57548,10718
2021-10-26,49,58021,10806
2021-10-26,50,59178,8710
2021-10-26,51,58234,8571
2021-10-26,52,57911,8523
2021-10-26,53,55995,8241
2021-10-26,54,55057,8103
2021-10-26,55,55229,8282
2021-10-26,56,56471,8468
2021-10-26,57,57541,8628
2021-10-26,58,57709,8654
2021-10-26,59,56198,8427
2021-10-26,60,56817,6006
2021-10-26,61,54532,5764
2021-10-26,62,53153,5619
2021-10-26,63,51702,5465
2021-10-26,64,50092,5295
2021-10-26,65,49168,4456
2021-10-26,66,47774,4330
2021-10-26,67,45444,4119
2021-10-26,68,44710,4052
2021-10-26,69,42700,3870
2021-10-26,70,42834,3269
2021-10-26,71,41411,3160
2021-10-26,72,40646,3102
2021-10-26,73,40284,3074
2021-10-26,74,36481,2784
2021-10-26,75,32139,2216
2021-10-26,76,29387,2026
2021-10-26,77,26144,1803
2021-10-26,78,25889,1785
2021-10-26,79,25723,1774
2021-10-26,80,24126,1366
2021-10-26,81,21016,1190
2021-10-26,82,18737,1061
2021-10-26,83,16848,954
2021-10-26,84,14926,845
2021-10-26,85,12610,1025
2021-10-26,86,11922,969
2021-10-26,87,10201,829
2021-10-26,88,8985,731
2021-10-26,89,8039,654
2021-10-26,90,30405,2334
2021-11-03,12,54911,12947
2021-11-03,13,54490,12848
2021-11-03,14,51942,12247
2021-11-03,15,50577,11926
2021-11-03,16,50507,12149
2021-11-03,17,50712,12198
2021-11-03,18,50558,12161
2021-11-03,19,52048,12520
2021-11-03,20,52497,14234
2021-11-03,21,51511,13966
2021-11-03,22,51747,14030
2021-11-03,23,53319,14456
2021-11-03,24,54389,14747
2021-11-03,25,55725,15526
2021-11-03,26,56601,15770
2021-11-03,27,58473,16291
2021-11-03,28,61273,17071
2021-11-03,29,62096,17300
2021-11-03,30,66055,14216
2021-11-03,31,63946,13762
2021-11-03,32,62846,13525
2021-11-03,33,61276,13188
2021-11-03,34,58453,12580
2021-11-03,35,59160,10236
2021-11-03,36,58551,10131
2021-11-03,37,57610,9968
2021-11-03,38,57417,9934
2021-11-03,39,55170,9545
2021-11-03,40,55832,8594
2021-11-03,41,54744,8427
2021-11-03,42,53314,8207
2021-11-03,43,52613,8099
2021-11-03,44,52798,8127
2021-11-03,45,52610,8922
2021-11-03,46,54578,9256
2021-11-03,47,55691,9445
2021-11-03,48,58367,9899
2021-11-03,49,58847,9980
2021-11-03,50,59911,7977
2021-11-03,51,58955,7850
2021-11-03,52,58628,7806
2021-11-03,53,56688,7548
2021-11-03,54,55739,7421
2021-11-03,55,55782,7729
2021-11-03,56,57036,7903
2021-11-03,57,58116,8053
2021-11-03,58,58287,8076
2021-11-03,59,56760,7865
2021-11-03,60,57238,5585
2021-11-03,61,54936,5360
2021-11-03,62,53547,5225
2021-11-03,63,52085,5082
2021-11-03,64,50463,4924
2021-11-03,65,49463,4161
2021-11-03,66,48061,4043
2021-11-03,67,45717,3846
2021-11-03,68,44978,3784
2021-11-03,69,42956,3614
2021-11-03,70,43033,3070
2021-11-03,71,41603,2968
2021-11-03,72,40834,2914
2021-11-03,73,40470,2888
2021-11-03,74,36650,2615
2021-11-03,75,32290,2065
2021-11-03,76,29525,1888
2021-11-03,77,26267,1680
2021-11-03,78,26011,1663
2021-11-03,79,25844,1653
2021-11-03,80,24230,1262
2021-11-03,81,21107,1099
2021-11-03,82,18818,980
2021-11-03,83,16921,881
2021-11-03,84,14990,781
2021-11-03,85,12674,961
2021-11-03,86,11982,909
2021-11-03,87,10252,778
2021-11-03,88,9031,685
2021-11-03,89,8080,613
2021-11-03,90,30618,2121
2021-11-10,12,56146,11712
2021-11-10,13,55715,11623
2021-11-10,14,53110,11079
2021-11-10,15,51715,10788
2021-11-10,16,51535,11121
2021-11-10,17,51743,11167
2021-11-10,18,51586,11133
2021-11-10,19,53107,11461
2021-11-10,20,53658,13073
2021-11-10,21,52650,12827
2021-11-10,22,52891,12886
2021-11-10,23,54498,13277
2021-11-10,24,55592,13544
2021-11-10,25,56816,14435
2021-11-10,26,57709,14662
2021-11-10,27,59617,15147
2021-11-10,28,62472,15872
2021-11-10,29,63310,16086
2021-11-10,30,67155,13116
2021-11-10,31,65011,12697
2021-11-10,32,63892,12479
2021-11-10,33,62297,12167
2021-11-10,34,59426,11607
2021-11-10,35,59903,9493
2021-11-10,36,59286,9396
2021-11-10,37,58333,9245
2021-11-10,38,58137,9214
2021-11-10,39,55862,8853
2021-11-10,40,56405,8021
2021-11-10,41,55306,7865
2021-11-10,42,53862,7659
2021-11-10,43,53153,7559
2021-11-10,44,53340,7585
2021-11-10,45,53071,8461
2021-11-10,46,55057,8777
2021-11-10,47,56180,8956
2021-11-10,48,58879,9387
2021-11-10,49,59363,9464
2021-11-10,50,60373,7515
2021-11-10,51,59410,7395
2021-11-10,52,59080,7354
2021-11-10,53,57125,7111
2021-11-10,54,56168,6992
2021-11-10,55,56125,7386
2021-11-10,56,57387,7552
2021-11-10,57,58474,7695
2021-11-10,58,58645,7718
2021-11-10,59,57109,7516
2021-11-10,60,57527,5296
2021-11-10,61,55213,5083
2021-11-10,62,53818,4954
2021-11-10,63,52348,4819
2021-11-10,64,50718,4669
2021-11-10,65,49656,3968
2021-11-10,66,48248,3856
2021-11-10,67,45895,3668
2021-11-10,68,45154,3608
2021-11-10,69,43124,3446
2021-11-10,70,43175,2928
2021-11-10,71,41741,2830
2021-11-10,72,40970,2778
2021-11-10,73,40605,2753
2021-11-10,74,36772,2493
2021-11-10,75,32380,1975
2021-11-10,76,29607,1806
2021-11-10,77,26340,1607
2021-11-10,78,26083,1591
2021-11-10,79,25916,1581
2021-11-10,80,24304,1188
2021-11-10,81,21171,1035
2021-11-10,82,18875,923
2021-11-10,83,16972,830
2021-11-10,84,15036,735
2021-11-10,85,12721,914
2021-11-10,86,12027,864
2021-11-10,87,10291,739
2021-11-10,88,9065,651
2021-11-10,89,8111,582
2021-11-10,90,30762,1977
2021-11-17,12,57476,10382
2021-11-17,13,57035,10303
2021-11-17,14,54368,9821
2021-11-17,15,52940,9563
2021-11-17,16,52556,10100
2021-11-17,17,52769,10141
2021-11-17,18,52609,10110
2021-11-17,19,54160,10408
2021-11-17,20,54820,11911
2021-11-17,21,53789,11688
2021-11-17,22,54036,11741
2021-11-17,23,55677,12098
2021-11-17,24,56795,12341
2021-11-17,25,57977,13274
2021-11-17,26,58888,13483
2021-11-17,27,60835,13929
2021-11-17,28,63749,14595
2021-11-17,29,64605,14791
2021-11-17,30,68399,11872
2021-11-17,31,66215,11493
2021-11-17,32,65076,11295
2021-11-17,33,63451,11013
2021-11-17,34,60527,10506
2021-11-17,35,60756,8640
2021-11-17,36,60131,8551
2021-11-17,37,59165,8413
2021-11-17,38,58966,8385
2021-11-17,39,56658,8057
2021-11-17,40,57101,7325
2021-11-17,41,55988,7183
2021-11-17,42,54526,6995
2021-11-17,43,53809,6903
2021-11-17,44,53998,6927
2021-11-17,45,53619,7913
2021-11-17,46,55625,8209
2021-11-17,47,56760,8376
2021-11-17,48,59487,8779
2021-11-17,49,59976,8851
2021-11-17,50,60902,6986
2021-11-17,51,59931,6874
2021-11-17,52,59598,6836
2021-11-17,53,57626,6610
2021-11-17,54,56661,6499
2021-11-17,55,56506,7005
2021-11-17,56,57776,7163
2021-11-17,57,58871,7298
2021-11-17,58,59043,7320
2021-11-17,59,57497,7128
2021-11-17,60,57835,4988
2021-11-17,61,55508,4788
2021-11-17,62,54106,4666
2021-11-17,63,52628,4539
2021-11-17,64,50989,4398
2021-11-17,65,49849,3775
2021-11-17,66,48436,3668
2021-11-17,67,46074,3489
2021-11-17,68,45329,3433
2021-11-17,69,43291,3279
2021-11-17,70,43309,2794
2021-11-17,71,41870,2701
2021-11-17,72,41097,2651
2021-11-17,73,40731,2627
2021-11-17,74,36886,2379
2021-11-17,75,32462,1893
2021-11-17,76,29682,1731
2021-11-17,77,26407,1540
2021-11-17,78,26149,1525
2021-11-17,79,25982,1515
2021-11-17,80,24378,1114
2021-11-17,81,21236,970
2021-11-17,82,18933,865
2021-11-17,83,17024,778
2021-11-17,84,15082,689
2021-11-17,85,12769,866
2021-11-17,86,12072,819
2021-11-17,87,10330,700
2021-11-17,88,9099,617
2021-11-17,89,8141,552
2021-11-17,90,30912,1827
2021-11-24,12,58724,9134
2021-11-24,13,58274,9064
2021-11-24,14,55549,8640
2021-11-24,15,54090,8413
2021-11-24,16,53508,9148
2021-11-24,17,53725,9185
2021-11-24,18,53562,9157
2021-11-24,19,55141,9427
2021-11-24,20,55934,10797
2021-11-24,21,54883,10594
2021-11-24,22,55134,10643
2021-11-24,23,56809,10966
2021-11-24,24,57950,11186
2021-11-24,25,59046,12205
2021-11-24,26,59974,12397
2021-11-24,27,61957,12807
2021-11-24,28,64924,13420
2021-11-24,29,65795,13601
2021-11-24,30,69426,10845
2021-11-24,31,67210,10498
2021-11-24,32,66053,10318
2021-11-24,33,64404,10060
2021-11-24,34,61436,9597
2021-11-24,35,61402,7994
2021-11-24,36,60770,7912
2021-11-24,37,59793,7785
2021-11-24,38,59592,7759
2021-11-24,39,57260,7455
2021-11-24,40,57545,6881
2021-11-24,41,56424,6747
2021-11-24,42,54951,6570
2021-11-24,43,54228,6484
2021-11-24,44,54418,6507
2021-11-24,45,53945,7587
2021-11-24,46,55963,7871
2021-11-24,47,57105,8031
2021-11-24,48,59849,8417
2021-11-24,49,60341,8486
2021-11-24,50,61194,6694
2021-11-24,51,60218,6587
2021-11-24,52,59884,6550
2021-11-24,53,57902,6334
2021-11-24,54,56932,6228
2021-11-24,55,56690,6821
2021-11-24,56,57965,6974
2021-11-24,57,59062,7107
2021-11-24,58,59236,7127
2021-11-24,59,57684,6941
2021-11-24,60,57923,4900
2021-11-24,61,55593,4703
2021-11-24,62,54188,4584
2021-11-24,63,52708,4459
2021-11-24,64,51067,4320
2021-11-24,65,49876,3748
2021-11-24,66,48462,3642
2021-11-24,67,46099,3464
2021-11-24,68,45354,3408
2021-11-24,69,43315,3255
2021-11-24,70,43281,2822
2021-11-24,71,41843,2728
2021-11-24,72,41071,2677
2021-11-24,73,40704,2654
2021-11-24,74,36862,2403
2021-11-24,75,32445,1910
2021-11-24,76,29666,1747
2021-11-24,77,26393,1554
2021-11-24,78,26135,1539
2021-11-24,79,25968,1529
2021-11-24,80,24375,1117
2021-11-24,81,21233,973
2021-11-24,82,18931,867
2021-11-24,83,17022,780
2021-11-24,84,15080,691
2021-11-24,85,12777,858
2021-11-24,86,12080,811
2021-11-24,87,10336,694
2021-11-24,88,9105,611
2021-11-24,89,8146,547
2021-11-24,90,30955,1784
2021-12-01,12,60163,7695
2021-12-01,13,59702,7636
2021-12-01,14,56910,7279
2021-12-01,15,55415,7088
2021-12-01,16,54680,7976
2021-12-01,17,54902,8008
2021-12-01,18,54735,7984
2021-12-01,19,56348,8220
2021-12-01,20,57182,9549
2021-12-01,21,56107,9370
2021-12-01,22,56364,9413
2021-12-01,23,58076,9699
2021-12-01,24,59243,9893
2021-12-01,25,60342,10909
2021-12-01,26,61291,11080
2021-12-01,27,63318,11446
2021-12-01,28,66350,11994
2021-12-01,29,67240,12156
2021-12-01,30,70703,9568
2021-12-01,31,68445,9263
2021-12-01,32,67268,9103
2021-12-01,33,65588,8876
2021-12-01,34,62566,8467
2021-12-01,35,62318,7078
2021-12-01,36,61676,7006
2021-12-01,37,60685,6893
2021-12-01,38,60481,6870
2021-12-01,39,58114,6601
2021-12-01,40,58228,6198
2021-12-01,41,57094,6077
2021-12-01,42,55603,5918
2021-12-01,43,54872,5840
2021-12-01,44,55064,5861
2021-12-01,45,54487,7045
2021-12-01,46,56525,7309
2021-12-01,47,57678,7458
2021-12-01,48,60450,7816
2021-12-01,49,60946,7881
2021-12-01,50,61724,6164
2021-12-01,51,60739,6066
2021-12-01,52,60402,6032
2021-12-01,53,58403,5833
2021-12-01,54,57425,5735
2021-12-01,55,57109,6402
2021-12-01,56,58393,6546
2021-12-01,57,59499,6670
2021-12-01,58,59674,6689
2021-12-01,59,58111,6514
2021-12-01,60,58268,4555
2021-12-01,61,55925,4371
2021-12-01,62,54511,4261
2021-12-01,63,53022,4145
2021-12-01,64,51371,4016
2021-12-01,65,50096,3528
2021-12-01,66,48676,3428
2021-12-01,67,46302,3261
2021-12-01,68,45553,3209
2021-12-01,69,43506,3064
2021-12-01,70,43434,2669
2021-12-01,71,41990,2581
2021-12-01,72,41215,2533
2021-12-01,73,40848,2510
2021-12-01,74,36992,2273
2021-12-01,75,32541,1814
2021-12-01,76,29754,1659
2021-12-01,77,26471,1476
2021-12-01,78,26213,1461
2021-12-01,79,26045,1452
2021-12-01,80,24444,1048
2021-12-01,81,21293,913
2021-12-01,82,18984,814
2021-12-01,83,17070,732
2021-12-01,84,15123,648
2021-12-01,85,12817,818
2021-12-01,86,12118,773
2021-12-01,87,10368,662
2021-12-01,88,9133,583
2021-12-01,89,8171,522
2021-12-01,90,31063,1676
2021-12-08,12,61751,6107
2021-12-08,13,61278,6060
2021-12-08,14,58412,5777
2021-12-08,15,56878,5625
2021-12-08,16,55858,6798
2021-12-08,17,56084,6826
2021-12-08,18,55914,6805
2021-12-08,19,57562,7006
2021-12-08,20,58356,8375
2021-12-08,21,57260,8217
2021-12-08,22,57522,8255
2021-12-08,23,59269,8506
2021-12-08,24,60459,8677
2021-12-08,25,61554,9697
2021-12-08,26,62521,9850
2021-12-08,27,64589,10175
2021-12-08,28,67681,10663
2021-12-08,29,68590,10806
2021-12-08,30,71931,8340
2021-12-08,31,69634,8074
2021-12-08,32,68436,7935
2021-12-08,33,66727,7737
2021-12-08,34,63653,7380
2021-12-08,35,63123,6273
2021-12-08,36,62473,6209
2021-12-08,37,61469,6109
2021-12-08,38,61262,6089
2021-12-08,39,58865,5850
2021-12-08,40,58834,5592
2021-12-08,41,57688,5483
2021-12-08,42,56181,5340
2021-12-08,43,55442,5270
2021-12-08,44,55637,5288
2021-12-08,45,54948,6584
2021-12-08,46,57004,6830
2021-12-08,47,58166,6970
2021-12-08,48,60962,7304
2021-12-08,49,61463,7364
2021-12-08,50,62185,5703
2021-12-08,51,61193,5612
2021-12-08,52,60854,5580
2021-12-08,53,58840,5396
2021-12-08,54,57855,5305
2021-12-08,55,57465,6046
2021-12-08,56,58757,6182
2021-12-08,57,59870,6299
2021-12-08,58,60045,6318
2021-12-08,59,58473,6152
2021-12-08,60,58538,4285
2021-12-08,61,56184,4112
2021-12-08,62,54764,4008
2021-12-08,63,53268,3899
2021-12-08,64,51610,3777
2021-12-08,65,50262,3362
2021-12-08,66,48837,3267
2021-12-08,67,46455,3108
2021-12-08,68,45705,3057
2021-12-08,69,43650,2920
2021-12-08,70,43544,2559
2021-12-08,71,42097,2474
2021-12-08,72,41320,2428
2021-12-08,73,40952,2406
2021-12-08,74,37086,2179
2021-12-08,75,32606,1749
2021-12-08,76,29814,1599
2021-12-08,77,26524,1423
2021-12-08,78,26265,1409
2021-12-08,79,26097,1400
2021-12-08,80,24493,999
2021-12-08,81,21336,870
2021-12-08,82,19022,776
2021-12-08,83,17104,698
2021-12-08,84,15153,618
2021-12-08,85,12850,785
2021-12-08,86,12148,743
2021-12-08,87,10395,635
2021-12-08,88,9156,560
2021-12-08,89,8192,501
2021-12-08,90,31151,1588
2021-12-15,12,62647,5211
2021-12-15,13,62166,5172
2021-12-15,14,59259,4930
2021-12-15,15,57703,4800
2021-12-15,16,56428,6228
2021-12-15,17,56657,6253
2021-12-15,18,56485,6234
2021-12-15,19,58150,6418
2021-12-15,20,58917,7814
2021-12-15,21,57810,7667
2021-12-15,22,58075,7702
2021-12-15,23,59839,7936
2021-12-15,24,61040,8096
2021-12-15,25,62152,9099
2021-12-15,26,63129,9242
2021-12-15,27,65217,9547
2021-12-15,28,68339,10005
2021-12-15,29,69257,10139
2021-12-15,30,72557,7714
2021-12-15,31,70240,7468
2021-12-15,32,69032,7339
2021-12-15,33,67308,7156
2021-12-15,34,64207,6826
2021-12-15,35,63567,5829
2021-12-15,36,62913,5769
2021-12-15,37,61901,5677
2021-12-15,38,61694,5657
2021-12-15,39,59279,5436
2021-12-15,40,59162,5264
2021-12-15,41,58010,5161
2021-12-15,42,56495,5026
2021-12-15,43,55752,4960
2021-12-15,44,55947,4978
2021-12-15,45,55207,6325
2021-12-15,46,57272,6562
2021-12-15,47,58440,6696
2021-12-15,48,61248,7018
2021-12-15,49,61752,7075
2021-12-15,50,62430,5458
2021-12-15,51,61434,5371
2021-12-15,52,61093,5341
2021-12-15,53,59071,5165
2021-12-15,54,58082,5078
2021-12-15,55,57655,5856
2021-12-15,56,58952,5987
2021-12-15,57,60068,6101
2021-12-15,58,60244,6119
2021-12-15,59,58667,5958
2021-12-15,60,58689,4134
2021-12-15,61,56329,3967
2021-12-15,62,54905,3867
2021-12-15,63,53405,3762
2021-12-15,64,51743,3644
2021-12-15,65,50374,3250
2021-12-15,66,48946,3158
2021-12-15,67,46559,3004
2021-12-15,68,45807,2955
2021-12-15,69,43748,2822
2021-12-15,70,43613,2490
2021-12-15,71,42164,2407
2021-12-15,72,41386,2362
2021-12-15,73,41017,2341
2021-12-15,74,37145,2120
2021-12-15,75,32648,1707
2021-12-15,76,29852,1561
2021-12-15,77,26558,1389
2021-12-15,78,26299,1375
2021-12-15,79,26130,1367
2021-12-15,80,24526,966
2021-12-15,81,21364,842
2021-12-15,82,19048,750
2021-12-15,83,17127,675
2021-12-15,84,15173,598
2021-12-15,85,12870,765
2021-12-15,86,12168,723
2021-12-15,87,10411,619
2021-12-15,88,9171,545
2021-12-15,89,8205,488
2021-12-15,90,31226,1513
2021-12-22,12,63400,4458
2021-12-22,13,62914,4424
2021-12-22,14,59972,4217
2021-12-22,15,58397,4106
2021-12-22,16,56773,5883
2021-12-22,17,57003,5907
2021-12-22,18,56830,5889
2021-12-22,19,58505,6063
2021-12-22,20,59250,7481
2021-12-22,21,58137,7340
2021-12-22,22,58403,7374
2021-12-22,23,60177,7598
2021-12-22,24,61386,7750
2021-12-22,25,62501,8750
2021-12-22,26,63484,8887
2021-12-22,27,65583,9181
2021-12-22,28,68723,9621
2021-12-22,29,69646,9750
2021-12-22,30,72910,7361
2021-12-22,31,70582,7126
2021-12-22,32,69368,7003
2021-12-22,33,67636,6828
2021-12-22,34,64519,6514
2021-12-22,35,63824,5572
2021-12-22,36,63167,5515
2021-12-22,37,62151,5427
2021-12-22,38,61943,5408
2021-12-22,39,59518,5197
2021-12-22,40,59369,5057
2021-12-22,41,58212,4959
2021-12-22,42,56692,4829
2021-12-22,43,55946,4766
2021-12-22,44,56142,4783
2021-12-22,45,55360,6172
2021-12-22,46,57431,6403
2021-12-22,47,58603,6533
2021-12-22,48,61419,6847
2021-12-22,49,61924,6903
2021-12-22,50,62593,5295
2021-12-22,51,61594,5211
2021-12-22,52,61252,5182
2021-12-22,53,59226,5010
2021-12-22,54,58234,4926
2021-12-22,55,57789,5722
2021-12-22,56,59088,5851
2021-12-22,57,60207,5962
2021-12-22,58,60384,5979
2021-12-22,59,58802,5823
2021-12-22,60,58790,4033
2021-12-22,61,56425,3871
2021-12-22,62,54999,3773
2021-12-22,63,53497,3670
2021-12-22,64,51831,3556
2021-12-22,65,50439,3185
2021-12-22,66,49009,3095
2021-12-22,67,46619,2944
2021-12-22,68,45866,2896
2021-12-22,69,43804,2766
2021-12-22,70,43669,2434
2021-12-22,71,42218,2353
2021-12-22,72,41438,2310
2021-12-22,73,41069,2289
2021-12-22,74,37192,2073
2021-12-22,75,32678,1677
2021-12-22,76,29880,1533
2021-12-22,77,26583,1364
2021-12-22,78,26324,1350
2021-12-22,79,26155,1342
2021-12-22,80,24551,941
2021-12-22,81,21387,819
2021-12-22,82,19067,731
2021-12-22,83,17145,657
2021-12-22,84,15189,582
2021-12-22,85,12888,747
2021-12-22,86,12185,706
2021-12-22,87,10426,604
2021-12-22,88,9184,532
2021-12-22,89,8217,476
2021-12-22,90,31279,1460
2021-12-29,12,63658,4200
2021-12-29,13,63170,4168
2021-12-29,14,60216,3973
2021-12-29,15,58634,3869
2021-12-29,16,56892,5764
2021-12-29,17,57122,5788
2021-12-29,18,56949,5770
2021-12-29,19,58628,5940
2021-12-29,20,59377,7354
2021-12-29,21,58261,7216
2021-12-29,22,58528,7249
2021-12-29,23,60306,7469
2021-12-29,24,61517,7619
2021-12-29,25,62651,8600
2021-12-29,26,63636,8735
2021-12-29,27,65740,9024
2021-12-29,28,68888,9456
2021-12-29,29,69813,9583
2021-12-29,30,73071,7200
2021-12-29,31,70738,6970
2021-12-29,32,69521,6850
2021-12-29,33,67785,6679
2021-12-29,34,64661,6372
2021-12-29,35,63941,5455
2021-12-29,36,63284,5398
2021-12-29,37,62266,5312
2021-12-29,38,62057,5294
2021-12-29,39,59628,5087
2021-12-29,40,59433,4993
2021-12-29,41,58275,4896
2021-12-29,42,56753,4768
2021-12-29,43,56007,4705
2021-12-29,44,56203,4722
2021-12-29,45,55428,6104
2021-12-29,46,57502,6332
2021-12-29,47,58675,6461
2021-12-29,48,61494,6772
2021-12-29,49,61999,6828
2021-12-29,50,62661,5227
2021-12-29,51,61661,5144
2021-12-29,52,61319,5115
2021-12-29,53,59290,4946
2021-12-29,54,58297,4863
2021-12-29,55,57839,5672
2021-12-29,56,59140,5799
2021-12-29,57,60260,5909
2021-12-29,58,60437,5926
2021-12-29,59,58854,5771
2021-12-29,60,58834,3989
2021-12-29,61,56467,3829
2021-12-29,62,55040,3732
2021-12-29,63,53537,3630
2021-12-29,64,51870,3517
2021-12-29,65,50471,3153
2021-12-29,66,49040,3064
2021-12-29,67,46649,2914
2021-12-29,68,45895,2867
2021-12-29,69,43832,2738
2021-12-29,70,43683,2420
2021-12-29,71,42231,2340
2021-12-29,72,41451,2297
2021-12-29,73,41082,2276
2021-12-29,74,37204,2061
2021-12-29,75,32692,1663
2021-12-29,76,29893,1520
2021-12-29,77,26594,1353
2021-12-29,78,26335,1339
2021-12-29,79,26166,1331
2021-12-29,80,24564,928
2021-12-29,81,21398,808
2021-12-29,82,19077,721
2021-12-29,83,17154,648
2021-12-29,84,15197,574
2021-12-29,85,12892,743
2021-12-29,86,12188,703
2021-12-29,87,10429,601
2021-12-29,88,9186,530
2021-12-29,89,8219,474
2021-12-29,90,31298,1441
